cycle.txt meta-track.txt
CrossCountrySlow 
upland.txt 1 carmody.txt 1 staffHouse.txt 1
upland.txt 12 S CrossCountrySlow
001001111100
001001111100
000001111100
001001111100
S01111111110
001000001110
001001101000
001101001000
000001000010
S-0.0-false-SE 
001001111100
001001111100
000001111100
001001111100
001111111110
0S1000001110
001001101000
001101001000
000001000010
S-0.0-false-SE 
001001111100
001001111100
000001111100
001001111100
001111111110
001000001110
00S001101000
001101001000
000001000010
S-5.0-false-FS 
001001111100
001001111100
000001111100
001001111100
001111111110
001000001110
001S01101000
001101001000
000001000010
S-0.0-false-SE 
001001111100
001001111100
000001111100
001001111100
001111111110
001000001110
001001101000
0011S1001000
000001000010
S-0.0-false-SE 
001001111100
001001111100
000001111100
001001111100
001111111110
001000001110
001001101000
001101001000
00000S000010
S-5.0-false-FS 
001001111100
001001111100
000001111100
001001111100
001111111110
001000001110
001001101000
001101001000
000001S00010
S-0.0-false-NE 
001001111100
001001111100
000001111100
001001111100
001111111110
001000001110
001001101000
001101001000
0000010S0010
S-0.0-false-NE 
001001111100
001001111100
000001111100
001001111100
001111111110
001000001110
001001101000
00110100S000
000001000010
S-5.0-false-FS 
001001111100
001001111100
000001111100
001001111100
001111111110
001000001110
001001101000
001101001S00
000001000010
S-0.0-false-NE 
001001111100
001001111100
000001111100
001001111100
001111111110
001000001110
0010011010S0
001101001000
000001000010
S-0.0-false-SE 
001001111100
001001111100
000001111100
001001111100
001111111110
001000001110
001001101000
00110100100S
000001000010
S-0.0-false 
260.0
carmody.txt 10 S CrossCountrySlow
S011000000
0011001110
0011001110
0011001110
0011001110
0011001110
0011001110
0000001110
S-0.0-false-FS 
0S11000000
0011001110
0011001110
0011001110
0011001110
0011001110
0011001110
0000001110
S-0.0-false-FS 
00S1000000
0011001110
0011001110
0011001110
0011001110
0011001110
0011001110
0000001110
S-5.0-false-FS 
001S000000
0011001110
0011001110
0011001110
0011001110
0011001110
0011001110
0000001110
S-5.0-false-FS 
0011S00000
0011001110
0011001110
0011001110
0011001110
0011001110
0011001110
0000001110
S-0.0-false-FS 
00110S0000
0011001110
0011001110
0011001110
0011001110
0011001110
0011001110
0000001110
S-0.0-false-FS 
001100S000
0011001110
0011001110
0011001110
0011001110
0011001110
0011001110
0000001110
S-0.0-false-FS 
0011000S00
0011001110
0011001110
0011001110
0011001110
0011001110
0011001110
0000001110
S-0.0-false-FS 
00110000S0
0011001110
0011001110
0011001110
0011001110
0011001110
0011001110
0000001110
S-0.0-false-FS 
001100000S
0011001110
0011001110
0011001110
0011001110
0011001110
0011001110
0000001110
S-0.0-false 
260.0
staffHouse.txt 10 S CrossCountrySlow
S010000010
0010011010
0010010010
0010010010
0010010110
0010010010
0010110010
0000110000
S-0.0-false-FS 
0S10000010
0010011010
0010010010
0010010010
0010010110
0010010010
0010110010
0000110000
S-0.0-false-FS 
00S0000010
0010011010
0010010010
0010010010
0010010110
0010010010
0010110010
0000110000
S-5.0-false-FS 
001S000010
0010011010
0010010010
0010010010
0010010110
0010010010
0010110010
0000110000
S-0.0-false-FS 
0010S00010
0010011010
0010010010
0010010010
0010010110
0010010010
0010110010
0000110000
S-0.0-false-FS 
00100S0010
0010011010
0010010010
0010010010
0010010110
0010010010
0010110010
0000110000
S-0.0-false-FS 
001000S010
0010011010
0010010010
0010010010
0010010110
0010010010
0010110010
0000110000
S-0.0-false-SE 
0010000010
0010011S10
0010010010
0010010010
0010010110
0010010010
0010110010
0000110000
S-0.0-false-NE 
00100000S0
0010011010
0010010010
0010010010
0010010110
0010010010
0010110010
0000110000
S-5.0-false-FS 
001000001S
0010011010
0010010010
0010010010
0010010110
0010010010
0010110010
0000110000
S-0.0-false 
330.0
655.0