8 4976
A
C A
B
E A H
D F
G H
F A B
H B
1 1 0 1 1 0 1 0
1 1 0 1 0 0 1 1
0 1 1 1 0 0 1 1
1 0 1 1 1 1 1 0
0 1 0 1 1 0 1 1
1 0 1 1 1 1 1 1
1 1 1 0 0 0 0 1
0 0 0 1 1 1 0 0
1 0 1 1 0 1 1 1
0 1 0 1 0 0 0 1
0 0 0 1 0 1 1 0
1 1 1 1 1 1 1 1
1 0 1 1 0 0 1 1
1 1 1 1 0 1 1 1
0 1 0 1 0 0 0 1
1 0 1 1 0 1 1 1
0 1 1 1 0 0 1 1
0 0 0 1 0 1 0 0
0 1 1 1 0 0 1 1
0 1 1 1 1 0 1 1
1 1 0 1 0 1 1 1
0 1 1 1 0 0 1 1
0 1 1 1 0 0 1 1
1 1 0 1 0 1 1 1
1 1 1 1 0 1 1 1
1 1 0 1 0 0 0 1
0 1 1 1 1 1 1 1
0 1 1 1 0 0 1 1
1 1 1 1 0 1 1 1
1 1 1 1 0 0 1 1
0 1 1 0 1 0 1 1
1 1 1 1 0 0 1 1
1 0 1 1 0 1 1 1
1 1 1 0 0 0 1 1
0 1 0 1 0 1 0 1
0 1 1 1 0 1 1 1
0 1 1 0 1 0 1 1
0 1 1 1 0 0 1 1
1 1 1 0 0 0 1 1
0 1 1 1 1 0 1 1
1 0 0 1 0 1 0 1
0 1 1 0 0 0 0 1
0 1 1 1 1 0 1 1
0 1 0 1 1 0 0 1
0 1 0 0 0 0 0 1
1 1 0 1 0 0 1 1
0 1 0 1 0 1 1 1
1 0 1 0 0 1 1 1
1 1 0 0 0 0 0 1
0 1 1 1 0 0 1 1
1 0 0 1 1 0 1 0
1 1 1 0 1 1 0 1
1 0 0 1 0 1 0 1
1 1 1 1 1 1 1 1
0 0 1 0 0 0 1 1
0 1 1 0 0 0 1 1
1 0 1 1 0 0 1 1
1 0 1 0 0 0 1 0
1 1 0 1 0 1 1 1
0 0 1 1 0 1 1 1
1 0 0 1 1 1 0 0
1 1 0 1 0 1 0 0
1 0 1 1 0 1 1 1
1 1 1 1 0 1 1 1
1 1 1 1 0 1 1 1
1 1 1 1 0 1 1 1
1 0 1 0 1 1 1 1
1 0 1 1 0 1 1 1
0 1 1 1 0 0 0 1
1 1 1 1 0 0 1 1
1 1 1 1 0 0 0 1
1 1 1 1 0 1 1 1
1 0 0 1 1 0 0 0
1 1 1 0 1 0 1 1
1 0 0 1 1 1 1 1
0 1 0 1 0 0 0 1
1 1 1 1 0 1 1 1
0 0 0 1 1 1 1 1
0 1 0 1 0 0 1 1
1 1 1 0 0 0 0 1
0 1 1 1 0 1 1 1
0 0 0 1 1 1 1 0
0 1 1 1 0 0 1 1
0 0 0 1 1 0 1 1
0 0 1 1 1 0 1 0
0 1 0 1 0 0 1 1
0 1 1 1 0 0 1 1
1 0 1 1 1 1 1 1
0 1 0 1 0 0 1 1
0 0 1 1 1 1 1 0
0 1 1 1 0 0 1 1
0 1 1 1 1 0 1 0
1 1 1 1 1 0 1 1
0 1 0 1 0 0 0 1
1 0 1 1 1 1 1 1
1 1 0 1 0 0 1 1
1 1 1 1 0 1 1 1
1 0 0 0 1 0 1 0
1 1 1 1 0 1 1 1
0 1 1 1 1 0 0 1
0 1 1 0 1 0 0 1
1 1 1 1 1 1 1 1
1 1 1 1 0 1 1 1
0 1 1 1 0 0 0 1
1 1 0 0 0 0 1 1
1 0 1 1 0 1 1 1
1 0 1 1 0 1 1 1
1 0 1 0 1 0 1 0
1 1 0 0 1 0 1 1
1 1 1 1 0 1 0 1
1 1 0 0 0 0 1 1
0 1 0 0 0 0 1 1
1 1 1 1 1 1 1 1
1 1 0 1 0 1 1 1
0 1 1 1 1 0 1 1
0 0 1 1 0 0 1 1
1 1 1 1 0 0 1 1
0 1 0 1 1 1 1 1
0 1 1 1 0 1 0 1
0 1 1 1 0 0 1 1
1 1 0 1 0 1 0 1
1 0 1 0 0 1 1 1
0 0 1 1 0 1 1 1
0 1 1 1 1 0 1 1
1 1 1 1 0 1 1 1
1 1 1 1 1 1 1 1
0 1 0 1 0 0 1 1
1 0 1 1 0 1 0 1
0 0 1 1 0 1 1 1
0 1 1 0 1 0 1 1
1 1 1 1 1 0 1 1
0 1 1 1 1 1 1 1
1 1 1 1 0 0 1 1
0 0 0 1 0 0 0 1
0 1 1 0 0 0 1 1
1 1 1 1 1 1 1 1
1 0 0 1 1 1 1 1
1 0 1 0 1 0 1 1
0 1 1 1 0 1 1 1
1 1 1 0 0 0 1 1
0 1 1 0 0 0 1 1
1 1 0 1 1 1 1 1
1 1 0 1 0 0 0 1
0 1 1 0 0 0 1 1
0 1 1 1 0 1 1 1
1 1 1 0 0 0 1 1
1 1 1 0 1 0 1 1
1 1 1 1 0 1 1 1
0 1 1 1 0 0 1 1
0 0 1 1 0 1 1 1
1 0 1 0 1 0 1 0
1 1 1 0 0 0 1 1
0 1 0 0 1 0 0 1
0 0 1 1 0 0 1 1
1 0 0 1 1 0 0 0
1 1 1 1 1 0 1 1
1 0 0 1 1 0 0 0
1 1 0 1 0 0 1 1
0 0 0 1 0 0 1 0
1 1 1 0 0 1 0 1
0 0 1 1 1 1 1 0
0 1 0 1 0 1 1 1
0 0 0 1 0 1 0 1
0 0 0 1 1 1 1 0
1 0 1 0 0 0 1 1
0 1 1 1 0 0 1 1
1 1 1 0 0 0 1 1
1 0 0 1 0 1 1 1
0 1 0 1 0 0 1 1
1 1 1 1 1 1 1 1
1 1 0 1 1 0 1 1
0 1 1 1 0 0 0 1
1 1 1 1 0 0 1 1
1 1 1 1 0 0 1 1
0 1 0 1 0 0 0 1
0 1 1 1 1 1 1 1
1 0 1 1 1 0 1 0
1 1 1 1 1 1 1 1
1 1 0 1 1 1 0 1
0 0 0 1 1 1 1 0
1 1 1 1 0 0 1 1
0 0 0 1 1 1 1 0
1 0 1 1 1 0 1 0
1 1 0 1 0 0 0 0
1 1 1 0 0 0 1 1
0 1 1 1 0 0 1 1
1 0 0 1 1 0 1 0
1 1 1 1 0 0 0 1
1 0 1 1 1 1 1 1
1 1 1 1 0 1 1 1
0 0 1 0 0 0 1 1
0 1 1 0 1 0 1 1
1 1 0 1 0 1 0 1
1 1 1 0 0 0 1 1
1 1 1 0 0 0 1 1
1 1 1 1 0 0 1 1
1 1 1 1 0 1 0 1
0 1 0 1 0 0 1 1
0 1 1 1 0 0 1 1
1 1 1 1 0 1 1 1
1 1 1 1 0 0 1 1
1 0 0 1 0 1 1 0
0 0 1 1 0 1 1 1
0 1 1 1 0 0 1 1
1 1 1 0 1 0 1 1
1 0 0 0 0 1 0 1
1 1 0 1 0 1 1 1
0 0 1 1 0 1 0 1
1 1 1 1 0 1 1 1
0 0 0 0 1 0 0 0
0 1 0 1 1 0 1 1
0 1 1 0 1 0 1 1
1 1 1 1 0 1 1 1
0 1 0 1 0 0 0 1
0 1 1 1 0 0 1 1
1 1 0 1 1 1 1 1
0 1 1 1 1 1 1 1
0 0 1 1 0 1 1 1
1 0 1 1 1 0 1 0
0 1 1 1 0 1 0 1
0 1 1 1 0 0 0 1
1 1 0 1 1 1 1 1
1 1 0 1 0 0 1 1
1 0 1 1 1 1 1 0
0 0 1 1 0 1 1 1
1 1 0 1 0 0 1 1
1 1 0 0 0 0 1 1
1 1 1 1 1 0 1 1
1 1 1 1 0 1 0 1
0 0 0 1 1 1 1 0
1 0 0 1 1 1 1 1
0 1 0 0 1 0 1 0
0 1 1 1 0 1 1 1
0 0 0 1 1 1 1 0
0 0 1 1 1 0 1 0
0 1 0 1 0 1 1 1
1 1 1 0 0 0 1 1
1 0 0 1 0 0 0 1
0 1 1 1 0 0 1 1
1 0 1 1 0 1 1 1
1 1 0 1 0 1 0 1
1 0 1 0 1 0 1 0
0 1 0 1 0 0 1 1
1 0 1 1 0 1 1 1
0 0 1 1 1 0 1 1
1 0 1 1 1 0 1 0
1 1 1 1 0 0 1 1
1 0 0 1 1 1 1 0
0 0 1 1 0 1 1 1
0 1 0 1 1 0 0 1
1 1 1 1 1 1 1 1
1 1 1 1 0 1 0 1
1 1 1 1 1 1 1 1
1 1 0 1 0 1 1 1
1 1 1 1 0 0 1 1
0 1 1 0 0 0 1 1
1 0 1 1 1 0 1 0
1 1 1 1 0 1 1 1
1 0 0 1 1 1 1 0
1 0 0 1 1 1 0 0
1 1 1 1 0 1 0 1
0 1 1 1 1 1 1 1
1 0 0 1 0 0 1 0
0 0 1 1 0 1 0 1
0 1 1 1 0 0 0 1
0 1 1 1 0 1 1 1
1 1 0 1 1 1 1 1
0 1 1 0 0 0 1 1
1 1 1 1 1 0 1 1
0 1 1 1 0 0 1 1
1 0 1 1 1 0 1 1
0 0 0 1 1 0 0 0
1 1 1 0 0 1 0 1
0 1 0 1 0 1 0 1
1 1 1 1 1 1 1 1
1 1 0 1 1 0 0 0
1 1 0 0 0 0 0 1
1 1 0 1 1 1 1 1
0 1 0 0 0 0 0 1
1 1 0 0 0 0 0 1
0 1 1 1 0 1 1 1
1 1 1 1 0 0 0 1
1 1 1 0 1 0 1 1
0 1 1 1 0 1 1 1
1 1 0 0 0 0 1 1
1 1 1 1 1 1 0 1
0 1 1 0 0 0 1 1
0 1 1 0 0 0 0 1
0 0 0 1 1 0 0 0
1 1 1 1 0 1 1 1
0 1 0 1 0 1 0 1
1 1 0 0 1 0 1 0
0 1 0 1 0 0 1 1
0 1 1 1 0 0 1 1
1 1 1 1 0 0 1 1
0 1 0 1 0 0 0 1
1 0 0 0 1 0 0 0
0 0 1 0 0 0 0 1
1 1 0 0 0 0 0 1
1 0 0 1 0 1 1 1
1 0 1 1 0 1 1 0
0 0 1 1 0 1 1 1
1 1 0 0 1 0 1 1
0 0 1 1 1 0 1 1
0 0 1 1 1 0 1 1
1 1 1 1 0 0 1 1
0 1 1 1 0 0 1 1
1 1 1 0 1 0 1 1
0 0 0 1 1 1 1 0
0 0 1 1 0 1 1 1
0 1 0 0 0 0 0 1
1 0 1 1 1 1 0 0
1 0 1 1 1 0 1 1
0 1 0 1 1 0 1 0
0 1 1 0 0 0 0 1
1 1 1 1 0 0 1 1
1 0 0 1 0 1 1 0
1 1 0 1 0 0 1 1
1 0 1 1 1 1 1 0
0 1 1 0 0 0 1 1
0 1 1 1 0 1 1 1
0 1 1 1 1 0 1 1
0 1 1 0 0 0 0 1
0 1 0 1 0 1 1 1
0 1 1 1 0 0 1 1
1 1 1 1 0 0 1 1
1 0 0 1 1 0 1 0
1 1 1 1 0 1 1 1
1 1 1 1 0 1 1 1
0 1 1 1 1 1 1 1
0 1 1 1 0 0 1 1
0 1 1 0 0 0 1 1
1 1 1 1 0 0 1 1
0 1 1 1 0 0 1 1
1 1 1 1 0 1 1 1
0 0 0 1 0 1 0 0
1 1 1 1 0 0 1 1
1 0 1 1 0 1 1 1
1 1 1 1 0 0 1 1
1 1 0 1 0 1 1 1
0 1 0 1 0 0 0 1
1 1 1 1 0 0 1 1
1 1 1 1 0 1 0 1
0 1 0 0 1 0 1 1
0 0 1 1 0 0 1 1
1 1 0 1 0 1 1 1
1 1 1 1 0 1 1 1
1 0 1 1 1 1 1 0
0 0 0 1 0 1 1 1
1 1 1 1 0 1 1 1
1 1 1 1 0 0 1 1
1 1 1 1 1 1 1 1
0 1 0 1 1 1 0 1
1 1 1 1 0 0 0 1
1 1 0 1 1 0 1 1
1 1 1 1 0 1 1 1
1 1 1 1 0 1 1 1
0 0 1 1 0 1 1 1
1 1 1 1 0 1 1 1
0 1 1 1 1 0 1 1
0 0 1 1 0 0 1 1
0 1 1 0 0 0 1 1
1 1 1 1 0 1 1 1
0 1 1 0 0 0 1 1
0 0 0 0 1 0 1 0
0 0 1 1 0 1 0 1
0 1 1 0 0 0 1 1
1 1 1 0 1 0 1 1
0 1 0 0 1 0 1 1
0 1 1 0 0 0 1 1
1 1 1 0 1 0 1 1
1 1 1 1 1 1 1 1
1 1 0 1 0 1 1 1
1 1 1 1 0 0 1 1
0 1 0 1 0 1 0 1
0 1 0 1 0 0 0 1
0 1 1 0 0 0 1 1
1 1 0 1 1 1 0 1
0 1 1 0 0 0 1 1
1 0 1 1 0 0 1 1
1 1 1 1 0 1 1 1
1 1 1 1 0 0 1 1
1 0 1 1 1 1 1 1
0 1 0 0 0 0 1 1
1 1 1 1 1 1 1 1
0 1 0 1 0 0 0 1
0 1 1 1 0 1 1 1
1 0 1 0 0 0 1 1
1 1 1 1 0 1 1 1
1 1 0 1 0 0 1 1
1 1 1 1 0 0 0 1
1 0 1 1 1 1 1 1
0 1 1 1 0 0 0 1
1 1 1 1 1 1 1 1
0 1 1 1 0 0 1 1
0 1 0 1 1 1 1 1
0 0 1 1 1 0 1 0
1 1 1 1 0 0 1 1
0 1 1 1 1 0 1 1
0 1 1 1 0 0 1 1
1 0 1 1 0 1 0 1
0 0 0 1 1 0 0 0
1 0 1 1 0 1 1 1
0 0 0 1 0 0 1 1
0 0 0 0 1 0 1 0
1 0 0 1 1 0 0 0
1 1 0 1 1 1 1 1
0 1 1 1 0 0 1 1
1 1 1 1 0 1 0 1
1 1 0 0 0 0 0 1
1 1 0 1 0 0 0 1
0 1 0 1 0 1 0 1
1 1 1 1 0 0 1 1
0 1 1 1 0 0 1 1
1 1 0 1 0 1 1 1
0 0 0 0 1 0 1 0
0 1 1 1 1 0 1 1
1 0 1 1 1 1 1 1
1 1 1 1 1 0 1 0
0 1 1 1 1 1 1 1
1 0 0 1 1 0 0 1
1 1 1 1 0 1 1 1
0 0 0 1 1 1 0 0
0 0 1 1 0 1 0 1
0 1 0 1 0 0 0 0
1 1 1 1 1 0 1 1
0 1 1 1 0 0 0 1
1 1 0 0 1 0 1 0
1 1 0 1 1 1 0 0
1 1 1 1 0 1 1 1
1 1 1 0 1 0 1 1
1 1 1 1 1 1 0 1
1 1 1 1 1 0 1 1
1 1 1 1 1 1 1 1
0 1 1 1 1 1 1 1
1 0 0 1 1 1 1 0
1 0 0 1 0 0 0 0
0 1 1 1 0 0 1 1
1 1 1 1 0 1 1 1
1 0 0 1 0 1 1 0
0 1 1 1 0 1 1 1
0 1 0 1 1 0 0 1
1 0 0 0 1 1 1 0
0 1 1 1 0 0 0 1
0 1 1 1 0 0 0 1
0 0 0 1 1 0 1 0
0 1 1 1 1 1 1 1
0 0 0 1 1 1 1 0
1 0 0 1 1 1 1 0
0 0 1 1 0 0 0 1
1 1 0 1 0 1 0 1
1 0 0 1 0 0 0 0
1 0 0 1 0 1 1 1
1 1 1 1 0 1 1 1
1 0 1 1 1 1 0 1
1 1 1 1 0 1 0 1
0 1 1 0 0 0 1 1
1 1 1 1 1 0 1 1
0 1 1 1 0 1 1 1
1 0 1 1 0 1 1 1
1 1 0 1 0 0 0 1
0 1 1 1 0 1 1 1
1 1 1 0 0 0 0 1
1 0 0 1 1 1 1 1
1 1 1 1 0 1 1 1
0 1 1 1 0 1 1 1
0 1 1 0 1 0 1 1
0 1 1 1 0 1 1 1
0 1 1 1 1 0 1 1
1 1 0 1 0 0 1 1
0 1 1 1 1 0 1 1
0 1 1 1 0 0 1 1
0 1 1 1 0 0 1 1
1 1 1 1 0 1 1 1
0 0 0 0 1 0 1 0
1 1 0 1 1 1 1 1
1 1 1 1 1 0 1 1
0 1 0 1 0 0 1 1
0 0 1 1 1 1 1 0
1 1 1 1 0 0 1 1
1 0 0 1 0 1 0 0
1 0 1 1 0 0 0 1
1 1 1 1 0 1 1 1
1 1 1 0 1 0 1 1
1 1 1 1 0 1 1 1
0 1 1 1 1 1 1 1
1 0 0 1 1 1 0 0
1 0 0 1 1 0 1 1
1 1 1 1 0 1 1 1
1 1 0 1 1 1 1 1
0 1 1 1 0 1 0 1
1 1 0 1 0 1 1 1
1 0 1 1 1 1 1 0
0 1 1 1 0 0 1 1
1 0 1 1 0 1 1 1
1 1 1 0 1 0 1 1
1 0 1 1 0 1 1 1
1 1 1 1 0 0 1 1
0 1 1 1 0 0 1 1
1 1 0 1 1 0 0 1
0 1 0 1 0 0 1 1
0 1 0 1 0 0 0 1
0 1 1 1 0 1 1 1
1 1 1 1 1 1 1 1
1 1 0 1 0 1 1 1
0 1 0 1 0 1 0 1
0 1 0 1 0 0 0 1
0 1 0 1 0 0 1 1
0 1 1 1 0 1 1 1
0 1 1 0 0 0 0 1
0 1 1 1 0 1 0 1
0 1 0 1 1 1 1 1
1 0 1 1 0 1 1 1
0 1 1 1 0 1 0 1
0 1 1 1 0 1 1 1
0 1 1 0 0 0 0 0
1 0 0 1 0 1 1 1
1 1 0 1 0 1 1 1
0 1 0 1 1 0 1 0
1 1 1 1 0 1 1 1
0 1 1 1 1 0 1 1
0 1 1 1 0 0 1 1
1 1 0 1 0 1 0 1
1 0 1 1 0 1 1 1
0 1 1 1 0 0 1 1
0 1 0 1 0 1 1 1
0 1 0 1 0 0 0 1
0 1 0 0 0 0 0 1
1 1 0 1 0 0 1 1
0 0 1 1 1 0 1 0
1 1 0 1 0 1 1 1
1 1 1 1 0 1 1 1
0 1 1 1 1 0 1 1
1 0 1 1 1 0 1 0
0 0 1 0 0 0 0 1
1 1 0 0 1 1 1 1
1 0 0 1 0 1 0 0
0 1 1 0 0 0 1 1
1 1 1 1 1 0 0 1
1 1 1 1 1 1 0 1
1 0 1 1 0 1 0 1
1 1 1 1 0 1 1 1
1 1 1 1 0 1 1 1
0 1 1 1 0 0 0 1
1 1 1 0 0 1 1 1
0 1 0 1 0 0 1 1
0 1 1 1 0 0 1 1
0 0 0 1 1 0 1 0
1 1 1 1 0 1 0 1
1 1 0 0 1 0 0 1
1 0 1 1 1 1 1 0
0 1 0 1 0 1 0 1
0 1 1 1 0 0 0 1
1 1 1 1 0 0 1 1
1 1 1 1 0 0 1 1
1 1 0 1 0 0 0 1
0 1 1 1 1 0 1 1
0 1 1 1 1 0 1 1
0 0 0 0 1 0 1 0
1 1 1 0 0 0 1 1
1 1 1 1 0 1 0 1
0 1 0 1 0 0 1 1
1 1 1 0 1 0 1 1
1 1 0 1 0 0 0 1
0 1 1 1 0 0 1 1
0 1 1 1 0 0 1 1
1 0 0 1 0 1 1 1
1 1 1 0 0 0 0 1
0 1 0 0 0 0 0 1
1 0 0 1 1 1 0 0
0 0 1 1 1 0 1 1
1 1 1 1 0 0 1 1
0 1 1 1 0 0 1 1
0 1 0 1 0 1 0 1
0 0 1 1 1 0 1 0
1 1 1 1 0 1 0 1
1 1 1 1 0 0 0 1
1 0 0 1 0 0 1 0
0 0 0 1 1 0 1 0
1 1 1 0 0 1 1 1
0 1 1 1 0 1 0 1
0 1 1 1 0 0 1 1
0 1 1 0 0 0 0 1
0 1 1 1 1 0 1 1
0 1 1 1 0 1 0 1
0 0 0 1 1 0 1 0
1 0 0 1 0 1 1 0
1 1 0 1 0 1 0 1
1 1 1 0 0 1 1 1
1 1 1 0 1 0 1 1
0 1 0 1 1 0 0 0
1 1 1 1 0 1 1 1
1 1 1 1 0 0 1 1
0 0 1 1 1 1 1 0
1 1 1 0 0 1 0 1
1 0 0 1 1 0 1 1
1 1 1 0 0 0 1 1
0 1 1 1 0 0 1 1
1 0 1 1 0 1 0 1
0 0 0 0 0 0 1 0
0 1 1 1 0 0 1 1
0 1 0 1 0 1 1 1
0 1 1 0 0 0 1 1
1 0 0 1 1 1 1 0
0 1 1 1 0 0 1 1
0 1 0 1 1 0 1 1
1 1 1 1 0 0 0 1
0 1 0 1 1 1 0 1
0 0 1 1 1 0 1 0
0 1 1 1 0 0 0 1
1 1 1 1 0 1 1 1
0 1 0 1 0 1 0 1
1 1 0 1 0 1 0 1
1 0 0 1 0 1 1 1
0 1 1 1 0 1 1 1
1 0 1 0 1 0 1 1
0 1 1 0 0 0 1 1
1 0 1 1 1 0 1 0
0 1 1 1 1 0 1 1
1 0 0 1 1 1 1 1
0 1 0 1 0 1 0 1
0 1 1 1 0 0 1 1
0 0 0 1 1 0 1 0
1 1 1 1 0 1 0 1
0 1 1 1 1 0 0 1
0 0 1 1 0 0 1 1
1 1 0 0 1 0 0 1
0 0 0 1 0 1 1 1
0 1 1 1 1 0 1 1
0 1 1 0 0 0 1 1
0 1 0 1 1 0 0 1
1 1 1 1 0 1 1 1
0 1 1 1 0 0 0 1
1 0 0 1 1 1 0 0
0 0 0 1 1 1 1 0
0 1 0 1 0 1 1 1
0 0 0 1 1 0 1 0
0 1 1 1 0 1 0 1
0 1 0 1 1 0 0 0
1 1 1 1 0 1 1 1
1 1 1 1 0 1 1 1
0 1 1 1 0 0 1 1
0 1 0 0 1 0 1 1
0 1 1 1 0 0 1 1
1 0 0 1 1 1 1 0
1 1 1 1 0 1 1 1
1 1 1 1 0 0 0 1
1 0 1 1 0 0 1 0
0 1 0 0 0 0 1 1
1 1 0 1 0 1 1 1
1 0 0 1 1 1 0 0
0 0 0 0 1 0 1 0
1 1 0 1 0 1 0 1
1 1 0 1 0 0 1 1
0 1 1 1 0 0 1 1
0 1 0 1 0 0 0 1
0 0 0 0 1 0 1 0
1 0 0 1 0 1 0 0
1 1 1 1 0 1 1 1
1 0 0 1 1 1 1 0
1 1 1 1 0 0 1 1
1 1 1 0 1 1 1 1
0 0 1 1 0 1 1 1
0 0 1 1 0 1 1 1
1 0 0 1 0 1 0 1
1 1 1 1 0 1 1 1
1 0 0 1 0 0 1 1
0 0 0 1 0 0 0 1
0 1 1 0 0 0 1 1
0 1 1 1 1 0 1 1
1 0 0 1 1 1 1 0
0 1 1 1 0 1 0 1
0 1 1 0 0 0 1 1
0 0 0 1 0 0 1 0
1 0 0 1 1 1 1 0
0 1 1 1 0 0 1 1
1 1 1 1 0 1 1 1
0 1 0 1 0 0 1 1
1 1 0 1 0 1 1 1
1 1 1 1 0 1 1 1
0 1 1 0 0 0 1 1
1 1 0 1 1 1 0 1
0 0 0 1 1 1 0 0
0 1 1 1 0 0 1 1
0 1 1 1 0 1 1 1
0 1 1 1 0 0 0 1
1 1 1 1 0 0 1 1
1 1 0 1 1 1 0 1
0 0 1 1 1 1 1 1
0 1 0 0 0 0 1 1
0 0 0 1 0 0 1 0
1 0 0 1 0 1 1 1
0 1 1 1 1 0 1 1
0 1 1 1 1 1 1 1
1 1 1 1 1 1 1 1
0 1 1 1 1 1 1 1
1 1 1 0 1 0 0 1
1 0 1 1 1 1 1 1
0 1 0 1 0 1 1 1
0 1 1 0 0 0 1 1
1 0 1 1 1 1 1 0
0 0 0 1 1 0 1 0
0 1 0 0 0 0 1 1
1 1 1 1 0 1 0 1
0 1 1 1 0 0 1 1
1 1 1 1 1 1 1 1
0 0 0 0 1 0 1 0
0 0 0 1 1 0 1 0
0 1 1 1 1 1 1 1
1 1 0 1 0 1 1 1
0 1 0 1 0 0 0 1
1 1 1 0 1 1 1 1
0 1 1 1 0 0 1 1
0 0 1 1 0 1 1 1
0 0 0 1 1 1 1 1
0 1 0 1 1 0 1 1
0 1 1 1 1 0 1 1
1 1 0 1 0 1 1 1
1 1 0 0 0 0 1 1
1 1 1 1 0 1 1 1
0 0 1 1 1 0 1 1
1 1 1 1 0 0 0 1
0 1 1 0 1 0 1 1
1 1 0 1 0 0 1 1
1 1 0 0 1 0 1 1
1 1 1 1 0 1 1 1
0 1 1 0 0 0 1 1
0 0 0 1 1 0 0 0
1 0 0 0 1 0 1 0
1 1 1 1 0 1 1 1
0 0 1 1 1 0 1 0
1 1 1 1 0 1 0 1
1 1 0 1 0 0 1 1
1 1 1 1 1 1 1 1
1 1 1 1 0 1 1 1
1 1 1 1 1 1 1 1
1 1 0 0 0 0 1 1
0 0 1 1 0 1 1 1
1 1 1 1 0 1 1 1
1 1 0 1 1 1 1 1
1 1 1 1 0 1 1 1
0 1 1 0 0 0 0 0
0 1 1 1 0 0 0 1
1 0 0 1 1 1 1 1
0 1 1 1 0 0 1 1
1 1 0 0 0 1 1 1
0 1 1 1 0 1 1 1
0 1 1 1 0 0 1 1
0 0 1 1 0 0 0 1
1 0 1 1 1 1 1 1
1 1 0 1 0 0 0 1
1 1 1 1 0 1 0 1
0 1 0 1 1 0 1 1
1 1 0 1 0 1 1 1
0 0 1 1 1 0 1 0
0 1 0 1 1 0 1 0
1 1 0 1 0 0 0 1
0 1 1 0 0 0 1 1
0 0 0 1 0 1 1 1
0 1 1 1 0 0 1 1
1 1 0 1 0 1 1 1
0 1 1 1 1 0 1 1
0 0 0 1 0 1 0 0
1 0 0 1 0 1 1 1
0 0 1 1 0 1 1 1
1 0 0 1 1 0 1 0
0 1 1 0 0 0 1 1
0 1 1 0 0 0 1 1
0 1 1 1 1 1 1 1
1 1 0 1 0 1 1 1
1 1 0 1 0 0 1 1
0 1 1 1 1 0 1 1
1 1 1 1 0 1 1 1
0 1 1 1 0 0 1 1
1 1 0 1 0 1 0 1
0 1 0 1 0 0 1 1
1 1 1 1 0 0 1 1
0 1 1 1 0 1 1 1
0 1 1 1 0 1 0 1
1 1 1 1 0 1 1 1
0 1 1 1 0 0 0 1
0 1 1 1 0 1 1 1
1 1 0 1 1 0 1 1
0 1 1 0 0 0 1 1
0 0 0 1 0 0 1 1
1 1 1 1 1 0 1 0
0 1 0 0 0 0 1 1
0 0 1 1 0 1 0 1
1 1 1 1 1 1 1 1
0 1 1 1 0 0 1 1
0 1 1 1 0 1 1 1
1 1 1 0 1 0 1 1
0 1 1 1 0 0 1 1
0 1 1 1 0 1 1 1
1 1 1 1 0 1 1 1
1 0 1 1 0 1 1 1
0 1 1 1 0 1 1 1
1 1 1 1 1 1 1 1
0 1 0 1 0 0 0 1
1 1 0 1 1 1 0 1
1 1 1 1 0 1 1 1
1 0 0 1 1 0 0 0
1 1 0 1 0 0 0 1
1 1 1 1 0 1 1 1
1 0 0 1 1 0 1 0
0 1 1 1 0 0 1 1
1 1 0 0 1 0 1 1
0 1 1 1 0 1 1 1
1 0 1 1 0 1 1 1
1 1 1 1 0 1 0 1
0 1 1 1 0 1 1 1
1 1 1 1 0 1 1 1
1 1 1 1 0 1 0 1
1 1 1 1 0 1 0 1
1 1 0 1 0 1 0 1
0 1 0 1 1 1 1 1
0 1 0 1 0 0 0 1
0 1 0 0 1 0 1 1
0 0 1 1 0 0 1 1
1 1 1 1 0 1 1 1
0 0 0 1 1 1 1 0
1 1 1 0 0 0 1 1
0 1 0 0 0 0 1 1
1 1 1 1 0 0 0 1
1 1 1 1 0 1 0 1
0 1 1 1 1 0 1 1
1 1 1 1 0 0 1 1
1 1 1 0 0 0 1 1
1 0 0 1 1 1 1 0
1 1 0 1 0 1 1 1
0 1 1 0 0 0 0 1
1 1 1 1 0 1 1 1
0 1 1 1 0 0 1 1
1 1 1 1 0 1 1 1
0 0 0 1 0 1 1 0
1 0 1 1 1 1 0 1
1 0 1 1 0 1 0 1
1 0 0 0 1 0 0 0
0 1 0 1 0 1 0 1
0 1 0 1 0 0 1 1
0 1 1 1 1 0 1 1
0 1 0 1 0 1 1 1
1 1 0 1 0 0 0 1
0 1 1 0 0 0 0 1
0 1 1 1 0 0 0 1
1 1 1 1 1 1 1 1
0 1 0 1 1 0 1 1
1 0 1 1 0 1 1 1
1 1 1 0 0 0 1 1
1 1 1 1 0 1 0 1
0 1 1 1 0 1 0 1
1 1 0 0 1 0 1 1
1 1 1 1 0 0 1 1
0 0 0 1 1 1 1 0
0 1 1 0 0 0 1 1
0 1 0 0 0 0 0 1
0 0 1 1 0 0 1 1
0 1 1 1 0 0 1 1
0 0 0 1 0 0 0 0
1 1 0 1 0 0 1 1
1 1 0 1 0 0 1 1
0 1 0 1 0 0 1 1
0 1 0 1 0 1 1 1
1 1 1 1 0 0 1 1
0 1 0 1 0 1 0 1
1 1 0 1 0 1 0 1
0 1 1 1 0 0 1 1
0 0 0 1 1 1 1 0
0 0 0 1 1 0 1 0
1 1 1 1 0 0 0 1
1 0 0 0 1 0 0 0
0 1 1 1 0 1 1 1
0 1 0 1 0 1 1 1
1 1 0 1 0 0 0 1
0 1 1 0 0 0 1 1
0 1 0 0 0 0 0 1
0 0 1 1 1 0 1 1
1 1 1 1 0 0 0 1
0 1 1 1 1 0 1 1
1 1 1 1 1 0 0 1
1 1 1 1 0 0 1 1
1 0 1 1 0 1 0 1
0 1 1 1 0 0 0 1
0 1 0 1 0 0 0 1
1 1 1 1 0 1 0 1
1 0 1 1 0 1 1 1
1 1 0 1 0 0 0 1
1 1 0 1 1 1 1 1
0 1 0 1 0 0 1 1
0 1 1 1 0 0 1 1
1 1 1 0 0 0 1 1
0 0 0 1 1 1 0 0
0 1 1 1 1 1 1 1
1 1 0 1 0 1 0 1
0 0 0 1 1 1 0 0
1 1 1 1 0 1 1 1
0 1 1 1 0 0 1 0
0 1 1 1 0 1 1 1
0 1 1 0 0 0 1 1
1 1 0 1 0 1 1 1
0 1 1 1 1 0 1 1
0 1 1 1 0 1 0 1
0 1 1 0 1 0 1 1
0 1 0 1 1 1 1 1
0 1 0 0 0 0 0 0
1 1 1 1 1 0 1 1
0 0 1 1 1 1 1 1
1 0 1 1 1 1 1 1
1 1 1 1 0 0 1 1
1 0 1 0 0 0 1 1
0 1 0 1 0 0 0 1
1 1 0 1 0 1 1 1
1 1 1 0 1 0 1 1
0 1 1 1 1 0 1 1
0 1 1 1 0 1 1 1
0 1 1 1 0 0 0 1
1 0 1 1 0 1 1 1
0 1 1 1 0 1 1 1
1 0 0 1 0 1 1 0
1 0 1 1 0 1 1 1
1 0 1 0 0 1 1 1
1 1 1 1 0 0 1 1
1 1 1 1 0 1 0 1
1 1 1 1 0 1 1 1
1 1 1 1 0 1 1 1
1 1 1 1 0 0 1 1
1 0 0 1 1 1 1 0
0 1 0 1 0 0 0 1
0 1 0 1 0 0 1 1
0 1 1 1 0 0 1 1
1 1 1 1 0 1 1 1
1 0 0 1 0 1 1 1
0 1 1 0 0 0 0 1
1 1 1 1 0 1 1 1
1 0 1 0 0 1 1 1
1 1 1 1 0 0 1 1
1 1 1 1 0 1 1 1
0 1 1 1 0 1 1 1
1 0 0 0 1 0 1 0
1 0 0 1 1 1 1 0
0 1 1 1 0 0 1 1
1 1 1 1 1 1 1 1
1 1 1 0 1 0 0 1
1 1 0 1 0 1 1 1
1 1 1 0 0 1 1 1
0 1 1 1 0 0 1 1
1 0 0 1 1 1 0 0
1 1 1 1 1 1 0 1
0 0 1 1 0 1 1 1
1 0 0 1 1 1 1 0
1 0 0 0 1 1 0 0
0 1 0 1 1 1 1 1
0 0 1 1 0 0 1 1
1 1 1 1 1 0 1 1
0 1 1 1 1 1 1 1
0 1 0 1 0 1 0 1
0 1 0 0 1 0 1 1
0 1 1 1 0 1 1 1
1 0 0 0 1 1 1 0
0 1 1 0 1 0 1 1
1 1 1 1 0 1 1 1
1 1 1 1 1 0 1 1
1 0 0 1 1 0 1 1
0 1 1 1 0 0 1 1
0 1 1 0 1 0 0 1
1 0 1 1 0 1 0 1
1 0 1 1 1 1 1 1
1 0 0 1 1 1 0 0
0 0 1 1 1 1 1 1
1 0 1 1 0 1 1 1
0 1 1 1 0 0 0 1
1 0 0 1 1 1 1 0
1 0 1 1 0 0 1 0
0 0 0 1 0 1 1 1
0 1 1 0 0 0 1 1
1 1 1 1 1 0 1 1
0 1 1 1 0 0 0 1
0 1 1 0 0 0 1 1
0 0 1 1 0 0 0 1
0 1 1 0 0 0 1 1
1 0 0 1 0 1 0 1
0 1 1 1 0 1 1 1
1 1 1 1 1 1 1 1
1 0 0 1 1 1 1 0
0 1 0 0 0 0 1 1
1 1 1 1 1 0 1 1
1 1 1 0 0 1 0 1
1 1 1 0 0 0 1 1
1 0 0 1 0 1 1 1
0 0 0 1 0 1 1 1
0 1 1 1 0 0 1 1
0 1 1 1 0 0 1 1
0 1 1 0 0 0 0 1
1 0 0 1 0 1 0 1
0 1 1 1 0 0 1 1
0 0 0 1 1 1 1 0
0 0 0 1 1 0 0 0
1 0 0 0 1 0 1 0
1 1 0 1 0 0 0 1
1 1 1 1 0 1 0 1
0 0 0 1 0 1 0 0
1 1 1 1 0 0 0 1
0 0 0 1 1 0 1 0
0 1 0 1 0 0 0 1
0 1 1 1 0 1 1 1
1 1 1 0 1 1 1 1
1 0 0 1 0 1 0 0
0 1 1 1 0 0 1 1
1 1 1 1 0 0 1 1
0 1 1 0 0 0 1 1
0 1 1 1 0 1 0 1
0 0 0 1 0 0 1 0
1 1 1 1 1 1 1 1
0 1 1 1 1 1 1 1
1 1 1 1 1 0 0 1
0 1 1 1 0 0 1 1
0 0 0 1 1 0 0 0
0 1 0 1 0 0 0 1
0 1 1 0 0 0 1 1
1 1 1 1 0 0 0 1
1 1 1 1 0 0 0 1
0 1 1 1 0 0 0 1
1 1 1 0 0 0 1 1
1 1 1 1 0 1 1 1
0 1 1 1 0 0 1 1
1 0 1 1 0 1 1 1
0 1 1 0 0 0 1 1
0 1 1 1 0 1 1 1
1 1 1 1 0 0 0 1
1 0 1 1 1 1 1 1
0 1 0 0 0 0 1 1
1 1 0 1 0 1 1 1
1 1 1 1 0 0 0 1
0 1 1 1 0 0 1 1
0 1 0 1 0 0 0 1
1 1 1 1 0 1 1 1
0 1 1 1 0 0 1 1
1 0 1 1 0 1 0 1
1 0 1 1 0 1 1 0
0 1 1 1 0 1 1 1
0 0 0 1 1 1 1 1
1 1 1 1 1 0 0 1
1 0 0 1 1 1 1 0
0 1 1 1 0 1 1 1
1 1 1 0 1 0 1 1
1 1 1 1 0 1 1 1
1 1 1 0 0 0 0 1
1 0 1 1 1 1 1 0
1 1 1 1 0 1 0 1
0 1 0 1 0 0 0 1
0 1 1 1 0 0 1 1
0 1 1 0 1 1 1 1
0 1 0 1 1 0 1 1
1 0 1 1 0 0 1 1
1 1 1 1 0 1 1 1
0 1 1 1 0 0 1 1
1 1 1 1 1 0 1 1
1 1 1 1 0 1 1 1
1 1 0 1 0 1 0 1
1 0 0 1 0 0 1 1
1 1 1 1 0 1 1 1
1 1 1 1 0 0 1 1
1 1 1 0 0 0 1 1
0 0 1 0 1 0 1 0
1 1 1 0 0 0 0 1
0 1 1 0 0 0 1 1
1 1 0 0 0 0 0 1
1 1 1 0 0 1 1 1
1 1 1 1 1 0 1 1
1 1 0 1 0 1 1 1
1 1 1 1 1 1 1 1
0 0 0 0 0 0 1 0
1 0 0 1 0 1 1 0
0 0 1 1 0 0 1 1
1 0 0 1 0 1 0 0
1 1 1 1 0 1 0 1
1 1 0 1 0 0 1 1
1 1 1 0 0 0 1 1
0 0 1 1 0 0 1 1
0 1 1 1 1 0 0 1
1 0 0 1 1 1 0 0
0 1 1 1 0 1 1 1
0 0 1 1 0 1 1 0
1 1 1 0 0 0 0 1
1 1 1 1 0 1 0 1
1 0 0 1 1 1 1 0
0 1 1 0 0 0 0 1
1 0 1 1 0 1 0 1
1 0 0 1 1 1 0 0
0 1 0 1 0 0 0 1
0 1 1 1 1 1 1 1
1 1 0 1 0 0 0 1
1 0 1 1 0 1 0 1
0 0 0 1 1 1 1 0
1 0 0 1 0 1 0 1
0 1 0 1 1 0 1 0
0 0 1 1 0 0 1 0
1 1 1 1 0 1 1 1
1 1 0 1 0 0 1 1
1 1 0 0 1 0 1 1
0 1 1 0 0 0 1 1
0 1 1 1 0 0 1 1
1 1 1 1 1 0 1 1
0 0 0 1 1 1 0 0
0 1 1 0 0 0 1 1
1 1 0 1 0 1 0 1
0 0 0 1 0 1 1 0
0 1 1 1 0 0 0 1
0 0 1 1 0 1 1 1
0 1 1 1 0 0 1 1
0 1 1 0 0 0 0 1
0 0 1 1 0 1 1 1
0 1 1 0 0 0 1 1
0 1 0 1 1 0 1 1
1 0 1 0 0 0 0 1
0 0 1 0 0 0 1 1
1 1 0 1 0 0 1 1
0 1 1 1 0 0 1 1
1 0 0 1 1 1 1 0
0 1 0 1 0 0 1 1
0 1 0 1 0 0 1 1
0 1 1 1 0 1 1 1
1 0 0 1 0 1 1 1
1 1 1 0 0 0 0 1
0 1 0 1 0 0 0 1
0 1 1 1 1 0 1 1
1 1 0 1 0 0 0 1
1 0 1 1 1 1 1 0
1 1 1 1 0 0 1 0
1 1 1 0 0 1 1 1
0 0 1 1 1 0 1 0
1 0 1 1 1 1 1 0
1 1 0 1 1 1 1 1
1 1 1 0 0 0 1 1
1 1 0 1 1 1 1 1
1 1 0 1 0 1 0 1
0 1 0 1 0 0 0 0
1 1 0 1 0 1 0 1
1 0 0 1 1 1 0 0
0 0 0 1 0 1 0 1
1 1 1 1 0 1 1 1
0 1 1 1 0 0 0 1
1 1 1 1 0 0 0 1
1 1 0 1 1 1 1 1
1 1 0 0 1 1 1 1
1 1 1 1 0 1 1 1
0 1 1 1 0 0 1 1
0 1 1 1 0 1 1 1
1 1 0 1 1 0 1 1
1 0 0 1 0 1 0 1
1 1 0 1 1 1 1 1
0 1 1 1 0 0 1 1
0 1 1 1 0 0 1 1
0 1 1 1 0 1 1 1
0 0 0 0 1 1 1 0
1 1 1 1 0 1 1 1
0 1 1 1 0 0 1 1
0 0 0 1 0 1 1 1
1 1 1 1 0 0 0 1
0 0 0 1 1 0 0 0
0 1 1 1 0 1 1 1
1 1 1 0 0 0 1 1
1 1 1 1 0 0 1 1
0 1 1 1 0 0 0 1
0 0 0 1 1 0 1 0
0 1 1 1 0 0 1 1
1 1 1 1 0 1 1 1
1 1 1 1 0 0 0 1
1 1 1 1 1 1 1 1
1 1 1 1 0 1 1 1
1 1 0 0 0 0 1 1
1 1 1 1 0 0 1 0
1 0 1 1 1 1 0 0
1 1 0 0 0 0 0 1
1 1 0 1 0 1 1 1
0 1 0 1 0 1 1 1
1 1 1 1 1 0 1 1
0 1 1 1 1 1 1 1
1 1 1 1 0 1 1 1
1 1 1 1 1 0 1 1
1 1 1 1 0 0 1 1
0 0 0 1 0 0 1 0
1 0 0 1 1 0 1 1
1 1 1 1 0 1 1 1
0 0 1 1 0 0 1 1
1 1 1 0 0 0 1 1
1 1 1 1 0 0 0 1
1 1 0 1 0 1 0 1
1 1 0 1 1 0 1 1
1 1 0 1 0 0 0 1
0 1 1 0 0 0 1 1
0 1 1 1 1 0 1 1
0 1 1 1 1 0 1 1
0 1 0 1 1 1 1 1
1 1 1 1 0 1 1 1
0 1 0 1 1 0 1 1
0 0 0 0 0 0 1 1
1 1 0 0 0 0 1 1
0 1 1 1 0 1 1 1
1 1 1 1 0 1 1 1
0 1 1 1 0 0 0 1
0 0 1 1 1 1 0 1
1 0 1 0 1 0 1 0
1 0 0 1 0 1 1 0
0 1 1 1 0 1 1 1
0 1 0 1 0 1 1 1
1 1 0 1 0 0 1 1
1 0 1 0 0 0 1 1
0 1 0 1 1 0 0 0
1 1 0 1 1 1 0 1
1 1 1 1 0 0 1 1
1 0 0 0 0 1 1 0
0 1 1 1 1 1 1 1
0 0 0 1 1 0 1 0
1 1 1 1 1 0 1 1
0 0 0 1 1 0 1 0
1 1 0 1 0 0 1 1
0 1 1 1 0 0 0 1
0 1 0 1 0 0 1 1
0 0 0 1 1 0 0 0
0 1 0 1 0 1 1 1
0 0 0 1 0 1 0 0
1 0 1 1 0 1 1 1
1 1 1 1 0 1 1 1
0 1 1 1 0 0 1 1
1 1 1 0 1 0 1 1
0 1 0 1 0 0 0 1
1 1 1 0 0 0 1 1
0 1 1 1 0 0 1 1
0 0 0 1 0 0 0 1
1 1 1 1 0 0 1 1
1 0 1 1 0 1 0 1
0 1 1 1 1 1 1 1
0 1 0 1 0 1 0 1
1 1 1 1 0 1 1 1
0 1 1 1 0 1 1 1
1 1 1 1 0 1 1 1
1 1 1 1 0 0 1 1
1 1 1 1 0 0 0 1
1 1 1 0 0 0 1 1
1 1 1 0 1 1 0 1
0 1 0 1 1 1 0 1
0 1 1 0 0 0 1 1
1 0 0 1 1 1 1 1
0 1 0 1 0 0 1 1
0 0 1 1 0 0 1 1
1 0 0 0 1 0 1 0
0 1 1 1 1 1 1 1
1 1 0 1 0 1 0 1
0 1 1 1 0 0 0 1
0 1 1 1 0 0 1 1
1 1 1 0 0 0 1 1
1 1 0 0 0 1 0 1
1 1 0 1 0 1 0 1
0 0 1 1 1 0 1 0
0 0 1 1 0 1 1 1
0 0 1 0 1 0 1 1
0 1 0 1 0 1 1 1
0 1 1 1 0 0 0 1
1 1 1 1 0 0 1 1
0 1 0 0 0 0 0 1
0 1 1 1 0 1 1 1
0 1 1 1 0 1 1 1
1 1 1 1 0 0 1 1
0 1 1 1 1 0 0 1
0 1 1 1 1 0 1 1
0 1 0 1 0 0 0 0
1 0 0 0 1 0 0 0
1 1 1 1 1 0 0 1
1 1 0 1 0 0 1 1
0 0 0 1 1 0 0 0
1 1 1 0 0 0 1 1
0 0 1 1 0 1 1 1
0 1 1 1 0 1 1 1
0 0 1 1 0 1 0 1
1 1 1 1 0 1 1 1
1 1 0 1 0 1 1 1
1 0 1 1 1 1 1 1
0 1 0 0 0 0 0 1
0 0 1 1 0 0 1 1
0 1 1 0 0 1 0 1
1 1 0 1 0 1 0 1
0 0 1 1 0 0 1 1
1 1 0 1 0 0 1 1
1 0 0 1 1 1 0 0
0 1 1 1 0 0 1 1
0 1 0 1 0 1 0 1
0 1 1 0 0 0 0 1
0 0 1 1 0 0 1 1
1 1 0 1 1 0 1 1
1 1 0 1 0 1 0 1
0 0 0 0 0 0 1 1
1 1 1 1 1 0 1 1
0 1 1 0 0 0 1 1
0 1 0 1 0 0 1 1
1 1 0 1 1 1 1 1
0 0 0 1 0 0 0 0
0 1 1 0 0 0 1 1
1 0 1 1 0 1 1 1
1 1 0 0 0 1 0 1
1 1 1 0 0 0 1 1
0 1 0 1 0 0 1 1
1 1 1 0 0 0 0 1
0 0 0 1 0 0 0 1
0 1 1 1 0 1 1 1
1 1 1 1 0 1 1 1
1 1 1 1 0 0 1 1
1 1 0 1 0 1 0 1
0 1 1 0 0 0 1 1
0 1 0 1 0 0 0 1
0 1 1 0 0 0 1 1
0 1 0 1 0 0 0 1
1 1 1 1 0 1 1 1
1 0 1 1 1 0 1 0
0 1 0 1 0 0 1 1
0 1 1 1 0 0 0 1
0 1 1 0 1 0 1 1
1 1 1 1 1 0 1 1
1 1 0 0 0 0 1 1
0 1 0 1 0 0 1 1
1 1 0 0 0 0 0 0
1 0 1 0 0 0 0 1
1 0 1 1 0 0 1 1
1 0 1 1 0 0 1 1
0 1 1 1 0 0 1 1
1 1 1 1 0 1 1 1
0 1 1 1 1 0 1 0
1 0 0 1 0 1 0 0
1 1 0 1 0 1 1 1
0 1 1 1 1 0 1 1
0 1 1 1 0 0 0 1
0 1 0 1 0 1 1 1
0 0 1 1 1 0 1 1
0 1 1 1 0 0 0 1
1 1 1 1 0 0 1 1
1 1 1 1 0 1 1 1
1 0 1 1 1 1 1 0
1 1 0 1 1 0 1 1
0 0 0 1 0 1 1 0
1 0 1 1 0 1 1 1
1 1 1 1 1 0 1 1
0 1 0 1 0 1 1 1
0 0 0 1 1 0 1 0
1 1 1 1 1 1 1 1
0 1 1 1 0 1 1 1
1 1 1 1 0 0 0 1
1 0 0 1 1 0 0 0
0 1 0 1 0 0 1 1
0 0 0 1 0 1 1 1
1 1 1 1 0 0 1 1
1 1 1 1 0 0 0 1
1 1 1 1 0 0 1 1
1 1 1 0 0 0 1 1
0 1 1 1 1 1 1 1
1 1 1 1 0 1 1 1
0 1 1 1 1 1 1 1
0 1 0 0 0 0 0 1
1 1 1 1 1 1 0 1
1 1 1 1 0 1 1 1
1 0 0 1 1 1 1 0
0 1 0 0 1 0 1 1
1 1 0 1 0 1 0 1
0 0 0 1 0 0 0 1
0 0 0 1 0 0 1 1
0 0 1 0 1 0 1 1
1 1 0 1 0 1 0 1
0 1 0 1 1 0 0 1
1 0 0 0 1 1 1 0
1 0 1 1 0 0 1 1
0 1 1 0 0 0 0 1
1 1 1 1 0 1 0 1
1 1 1 0 0 0 0 1
1 1 0 0 0 0 0 1
1 1 1 1 0 0 1 1
0 1 1 1 1 0 1 1
1 1 0 1 0 0 1 1
0 0 1 1 1 0 1 0
1 0 0 1 1 1 1 0
1 0 1 1 0 1 1 1
0 1 0 0 0 0 0 1
0 1 1 1 0 1 1 1
0 1 1 0 0 0 1 1
0 1 1 1 0 0 1 1
1 0 1 1 1 1 0 0
0 1 1 1 0 0 1 1
1 0 1 1 0 1 1 1
1 0 0 1 1 1 1 1
1 0 1 1 1 1 1 1
0 1 1 1 0 0 1 1
0 0 1 1 1 1 0 0
1 1 1 1 0 1 0 1
0 1 0 0 0 0 1 1
0 1 0 0 0 0 0 1
0 1 0 1 0 0 1 1
1 1 1 1 1 0 1 1
1 1 0 1 0 1 1 1
1 1 1 1 0 1 0 1
0 0 0 1 0 1 0 1
0 0 0 0 1 0 1 0
0 1 0 0 0 0 0 1
0 0 0 0 1 0 0 0
0 1 1 1 0 1 1 1
1 1 0 0 0 0 1 1
1 1 0 1 0 1 1 1
0 1 1 1 0 1 0 1
0 1 0 0 1 0 1 1
1 1 0 1 0 1 0 1
1 1 1 1 0 0 1 1
0 1 1 1 1 0 1 1
0 0 0 1 1 0 1 0
0 1 0 1 0 0 0 1
0 1 1 1 1 1 1 1
1 1 0 1 1 1 1 1
1 0 1 0 0 1 1 1
0 1 1 1 0 0 1 1
0 0 0 1 0 0 1 0
0 1 1 1 0 0 1 1
1 1 1 1 0 1 1 1
1 1 1 1 1 1 0 1
0 1 1 1 0 0 1 1
0 0 0 1 1 1 0 0
0 0 1 1 1 0 1 0
1 1 0 1 1 1 1 1
0 0 0 1 1 0 0 0
0 1 0 0 0 0 1 1
0 1 1 1 0 0 1 1
1 1 1 1 0 0 1 1
1 0 0 1 1 0 0 0
0 0 1 1 0 0 0 1
0 1 0 1 0 0 1 1
1 1 0 0 0 0 0 1
1 1 1 1 1 0 1 1
0 0 1 1 0 0 0 1
1 0 1 0 1 0 1 0
0 1 0 1 0 0 1 1
1 0 0 0 1 1 1 0
1 1 1 1 0 1 1 1
1 1 1 0 0 0 1 1
1 0 1 1 0 1 0 1
1 1 1 1 0 1 1 1
0 1 1 0 0 0 0 1
1 1 1 0 0 0 1 1
0 1 1 0 0 0 1 1
0 1 1 0 0 0 0 1
1 1 1 1 0 1 1 1
1 1 1 0 0 0 0 1
0 1 0 1 0 1 1 1
0 1 1 1 0 0 1 1
0 1 1 1 0 0 1 1
0 1 0 1 0 0 1 1
0 0 1 1 1 1 1 1
0 1 1 1 0 0 0 1
1 1 1 1 0 1 0 1
1 1 1 1 0 1 0 1
0 0 1 1 0 1 0 1
1 0 0 0 1 1 1 0
0 1 0 0 0 0 1 1
1 0 1 1 1 1 1 0
1 0 1 1 1 1 1 1
0 1 1 1 0 0 0 1
1 1 0 0 1 0 1 0
1 0 1 1 0 1 0 1
1 1 0 1 0 1 0 1
0 1 0 1 1 0 1 1
1 1 1 1 0 0 1 1
1 0 0 1 0 0 1 1
1 0 1 1 0 1 1 1
0 0 0 1 1 1 0 1
0 1 1 0 0 1 1 1
0 0 0 1 0 0 0 1
1 0 1 1 1 1 1 1
1 1 1 1 1 1 1 1
1 1 1 1 0 0 1 1
1 0 0 1 1 0 0 1
1 1 1 1 0 0 0 1
1 1 1 1 1 1 1 0
1 1 1 1 1 1 1 1
1 1 1 1 0 1 1 1
1 1 1 1 1 1 1 1
0 1 0 1 1 0 0 1
0 0 0 1 1 1 0 0
0 1 1 1 1 0 1 1
1 0 1 1 1 0 1 0
1 0 0 1 1 1 1 0
0 1 1 1 0 0 0 1
1 1 0 1 0 0 0 1
1 1 0 1 0 1 0 1
0 1 1 1 0 1 1 1
1 0 1 1 0 1 1 1
0 1 1 1 0 0 1 1
1 1 0 1 1 1 1 1
0 1 1 1 0 0 1 1
0 1 0 1 1 0 1 0
0 1 1 0 1 0 1 1
1 0 0 1 0 1 1 1
0 1 1 1 0 0 1 1
1 1 1 1 1 0 1 0
1 0 1 0 0 0 0 1
1 0 1 1 0 1 1 1
0 1 0 1 0 1 1 1
1 0 0 1 1 1 1 0
1 1 1 1 0 1 0 1
0 1 1 1 0 0 1 1
1 0 1 1 0 1 0 1
1 1 1 0 0 1 1 1
1 0 1 1 1 0 1 1
0 0 0 1 0 0 1 0
0 1 1 1 0 0 1 1
0 0 1 0 0 0 1 1
0 0 0 1 1 0 1 0
1 1 1 1 0 1 1 1
1 1 1 1 0 1 1 1
0 0 1 1 0 1 1 1
0 1 1 0 1 0 0 1
0 1 1 1 0 1 1 1
1 1 0 1 1 0 1 0
0 0 0 1 1 1 1 0
0 0 0 0 0 0 0 1
1 0 0 1 1 1 1 0
1 0 0 0 1 1 1 0
0 0 0 1 0 0 0 0
0 0 1 1 0 1 1 1
1 0 1 1 0 1 1 1
0 0 0 1 0 0 1 0
0 1 0 1 0 0 1 1
1 0 0 1 1 1 1 0
0 1 0 1 0 0 1 1
0 1 1 1 0 1 1 1
0 1 1 1 0 0 1 1
0 1 1 1 0 0 1 1
0 0 1 1 0 1 0 1
1 1 1 1 0 0 1 1
0 1 1 1 0 0 1 1
1 1 0 0 0 0 1 1
1 1 1 1 1 1 1 1
1 1 1 0 0 1 0 1
1 1 1 1 0 1 1 1
0 1 1 0 0 0 1 1
0 1 0 1 0 0 1 1
1 1 0 0 0 0 1 1
1 0 1 1 1 1 1 0
0 1 1 1 0 1 1 1
1 1 1 0 0 0 1 1
1 1 1 1 0 1 1 1
1 1 0 1 0 0 1 1
1 1 0 0 0 0 1 1
1 0 1 1 0 1 1 1
1 1 1 1 1 1 1 1
0 0 0 0 1 0 1 0
1 1 1 1 0 1 1 1
1 1 0 1 0 1 0 1
0 1 1 1 1 0 1 1
1 1 1 1 0 1 0 1
1 0 1 0 1 0 1 1
1 1 1 0 0 0 1 1
1 1 1 1 0 1 0 1
0 1 0 1 1 0 1 0
0 1 1 1 0 0 1 1
0 1 0 1 0 1 1 1
0 1 0 1 0 1 1 1
0 1 0 1 0 0 0 1
0 1 1 1 1 0 1 1
0 1 1 1 0 1 1 1
0 1 1 1 0 0 1 1
1 1 0 0 1 0 1 1
0 0 0 1 0 1 1 0
0 1 0 1 0 1 0 1
0 1 0 1 0 0 1 1
1 1 0 1 0 1 0 1
0 1 1 1 0 0 1 1
1 1 0 0 0 0 0 1
0 1 1 0 0 0 1 1
1 0 1 1 0 0 1 1
1 1 0 1 0 0 1 1
0 1 0 1 0 0 0 1
0 1 0 1 1 0 1 1
0 0 0 1 0 1 0 1
1 1 1 1 0 1 1 1
0 0 1 1 0 1 1 1
0 1 1 1 0 1 0 1
0 1 1 1 0 0 1 1
0 0 1 1 0 0 0 1
1 1 1 1 0 0 1 1
1 1 1 1 1 1 1 1
1 1 1 0 0 0 1 1
1 1 1 0 0 0 1 1
0 0 1 1 0 1 1 1
0 0 1 1 0 0 1 0
1 0 1 1 1 1 1 0
1 1 1 1 1 0 1 1
1 1 0 1 0 1 1 1
1 1 1 0 0 0 1 1
1 0 0 1 1 1 0 0
1 1 0 0 0 0 1 1
0 0 1 1 0 1 1 1
1 0 0 1 1 1 1 0
0 1 1 1 0 1 1 1
0 1 0 1 0 0 1 1
0 1 0 1 0 0 0 1
1 1 1 0 0 0 1 1
1 1 1 1 1 0 1 1
1 1 0 1 0 1 1 1
0 0 1 1 1 1 1 0
1 1 1 1 0 0 0 1
1 1 1 1 1 1 1 1
1 1 0 1 1 0 1 1
1 1 1 1 0 0 0 1
1 1 0 1 0 0 0 1
0 1 1 1 0 1 0 1
1 0 1 1 0 1 1 1
0 1 1 0 0 0 0 1
1 1 0 1 0 1 1 1
0 0 1 1 1 1 1 1
0 0 0 1 0 0 1 0
1 1 1 1 0 1 1 1
0 1 1 1 0 0 1 1
1 1 1 1 0 0 0 1
1 1 1 1 1 1 0 1
1 1 0 1 1 0 1 1
0 1 0 0 1 0 1 1
1 0 0 1 1 0 1 0
0 1 1 1 0 1 1 1
1 1 1 1 0 1 1 1
1 1 1 1 1 1 1 1
1 1 1 1 1 1 1 1
1 0 1 1 0 1 0 1
1 1 1 1 1 1 1 1
1 1 1 1 0 1 1 1
0 1 1 1 0 1 1 1
0 1 0 1 0 0 1 1
0 1 0 0 0 0 0 1
0 1 0 1 0 0 0 1
1 0 1 1 1 1 1 0
1 1 0 1 0 0 1 1
0 1 1 1 0 0 1 1
1 1 0 0 0 0 1 1
1 0 0 0 1 0 1 0
1 0 0 1 1 1 0 0
1 1 1 1 1 1 1 1
0 1 1 1 1 1 1 1
0 1 1 1 0 0 1 1
0 1 1 0 0 0 1 1
1 0 1 1 0 1 1 1
0 1 0 1 0 1 1 1
1 1 1 0 1 0 1 1
1 1 1 1 0 0 1 1
1 1 1 0 0 0 0 1
0 0 0 1 0 0 1 0
1 1 0 1 0 1 1 1
1 0 0 1 1 1 1 0
0 1 0 1 0 0 1 1
0 1 0 1 1 0 0 0
0 1 1 0 1 0 1 1
0 1 0 1 0 0 0 1
1 1 1 1 1 0 1 1
1 1 1 0 0 1 1 1
0 0 0 1 1 0 1 0
0 1 1 1 0 1 1 1
0 1 0 0 1 0 0 1
0 1 1 1 1 1 1 1
1 1 0 1 0 1 1 1
0 0 1 1 1 1 1 1
0 1 1 1 0 0 1 1
0 1 0 1 0 1 1 1
0 1 1 1 1 0 1 1
1 1 1 0 0 0 1 1
1 0 1 1 0 1 1 0
1 1 1 1 0 0 1 1
0 0 1 1 1 0 1 1
0 0 0 1 1 1 1 0
0 1 0 0 0 0 0 1
0 1 0 0 0 0 0 1
1 1 1 1 0 1 1 1
1 1 1 1 0 0 1 1
1 1 1 1 0 1 1 1
0 1 1 1 1 0 0 1
0 1 0 1 0 0 1 1
1 0 1 1 0 1 1 1
1 0 1 1 1 1 0 0
1 0 0 0 0 0 1 0
0 0 0 0 0 0 1 1
0 1 1 1 1 1 1 1
0 1 1 1 0 0 0 1
1 1 1 1 0 1 0 1
1 0 0 1 0 0 1 1
1 0 1 1 0 1 0 1
0 1 0 1 0 0 1 1
0 1 0 1 0 1 1 1
0 1 1 0 0 0 0 1
0 1 0 1 0 0 1 1
1 1 0 1 0 1 0 1
0 1 0 0 0 0 0 1
0 0 1 0 0 1 1 0
1 1 1 0 0 0 1 1
0 1 1 1 0 0 1 1
1 1 1 1 0 1 1 1
0 0 1 1 0 1 1 1
1 1 1 0 0 0 1 1
0 1 0 1 0 0 1 1
0 0 0 0 0 0 0 1
0 1 1 1 0 0 1 1
1 0 0 1 1 1 1 0
0 1 0 1 0 0 1 1
1 1 1 1 0 0 1 1
1 0 1 1 0 1 1 1
0 1 1 0 1 0 1 1
0 1 1 1 1 0 0 1
1 1 1 1 0 1 0 1
0 1 1 1 1 0 1 1
0 1 1 1 0 1 1 1
1 1 1 1 0 0 1 1
1 1 1 1 0 1 1 1
1 0 0 1 0 1 1 1
0 0 0 1 0 1 0 1
1 0 1 0 0 1 1 0
0 1 1 0 0 0 0 1
1 0 1 1 1 0 1 0
1 1 0 1 0 0 0 1
0 1 1 1 0 1 1 1
0 1 1 0 0 0 1 1
0 1 1 1 1 0 1 1
0 0 1 1 0 1 1 1
0 1 1 1 0 1 0 1
0 1 1 0 0 0 1 1
0 1 1 1 0 0 1 1
0 1 1 1 0 0 1 1
1 1 1 0 0 0 1 1
1 1 1 1 1 0 1 1
1 1 1 1 0 1 1 1
0 1 0 1 1 0 1 1
1 1 0 1 0 1 0 1
0 1 0 0 1 0 0 1
0 1 0 1 0 0 0 1
1 1 0 0 0 0 1 1
1 1 1 1 0 0 0 1
1 1 1 1 0 1 1 1
0 0 1 0 1 0 1 1
0 1 1 1 0 0 1 1
1 0 0 1 1 1 1 0
0 0 1 1 0 1 1 0
0 1 0 0 0 0 0 0
1 1 1 1 0 1 1 1
0 1 1 1 0 1 1 1
1 0 0 1 0 1 1 1
0 1 0 1 0 0 0 1
0 1 1 1 0 0 1 1
1 1 0 1 0 1 1 1
0 1 0 0 1 1 1 1
0 1 1 0 0 0 1 1
0 1 1 1 0 1 1 1
0 1 1 0 0 0 0 1
1 1 0 1 0 1 1 1
1 0 1 1 0 1 1 0
1 1 1 1 0 1 1 1
1 1 0 1 0 1 1 1
0 1 1 1 0 0 1 1
0 1 1 1 0 0 1 1
0 0 0 0 0 0 1 0
0 1 1 0 0 0 0 1
1 1 0 1 0 0 1 1
1 1 1 1 0 1 1 1
0 1 1 1 0 0 1 1
1 0 1 1 1 1 1 1
1 1 1 1 0 1 1 1
0 0 1 1 0 1 0 1
0 1 0 1 0 1 1 1
0 1 1 1 1 1 1 1
0 1 1 1 0 1 0 1
0 0 0 1 1 1 1 0
0 1 1 1 0 0 0 1
0 1 0 1 0 0 1 1
0 1 1 1 1 1 1 1
1 1 0 1 0 0 0 1
0 0 1 0 1 1 1 1
1 1 1 1 1 1 1 1
1 0 0 1 1 0 0 1
1 1 1 1 0 1 1 1
0 1 1 1 0 0 1 1
0 1 0 1 0 0 0 1
1 0 1 1 0 1 1 1
1 1 0 1 0 1 1 1
0 1 1 1 0 0 1 1
1 1 0 1 0 1 1 1
0 1 0 1 0 0 1 1
1 1 1 1 1 1 1 1
1 0 1 1 1 1 1 1
1 1 0 1 1 1 1 1
1 0 1 1 0 1 1 1
1 1 1 1 0 0 0 1
1 1 1 1 1 1 1 1
0 0 1 1 1 1 1 1
1 1 1 1 1 1 1 1
0 0 0 1 1 1 1 1
0 1 0 0 0 0 1 1
1 1 0 1 0 1 1 1
1 1 1 1 0 1 1 1
0 0 1 1 1 0 1 0
0 1 1 1 1 0 1 1
1 0 0 1 1 0 1 0
0 1 1 1 0 0 1 1
1 0 0 1 1 1 1 0
1 1 1 0 0 0 1 1
0 0 0 1 0 0 0 0
0 1 0 1 0 0 0 1
0 1 0 1 0 1 1 1
1 0 0 1 1 1 1 0
0 1 0 1 0 0 0 1
1 1 1 1 0 0 1 1
1 1 1 1 0 1 0 1
1 1 1 0 0 0 0 1
1 0 0 1 0 1 0 1
0 0 0 1 1 1 1 0
1 1 1 1 0 1 1 1
1 1 1 1 1 1 1 1
1 1 0 1 0 1 0 1
1 0 0 1 1 1 0 0
0 1 1 1 0 0 1 1
0 1 1 1 0 0 1 1
1 1 1 1 0 0 1 1
1 1 1 1 0 1 0 1
0 0 0 1 0 0 1 0
0 0 1 1 0 0 0 1
0 1 1 1 0 1 1 1
0 1 1 1 0 0 1 1
0 1 1 1 0 0 1 1
1 1 1 1 0 1 1 1
1 1 1 1 0 0 1 1
0 1 1 1 0 1 1 1
1 1 1 0 0 0 1 1
1 1 1 1 0 1 0 1
0 0 1 1 1 1 1 0
0 0 0 1 1 0 0 1
0 1 1 1 0 0 1 1
1 1 1 0 1 0 0 1
1 1 1 1 0 1 1 1
0 1 1 1 0 1 1 1
1 1 0 0 1 0 0 1
0 1 0 1 0 1 1 1
1 1 1 1 0 1 0 1
1 1 1 1 0 1 1 1
1 1 0 1 1 0 1 0
1 1 1 1 1 1 1 1
0 1 1 1 0 0 1 1
0 1 1 0 0 0 0 1
0 1 0 1 0 1 0 1
1 1 1 1 0 1 1 1
1 1 1 1 0 0 1 1
1 1 0 1 0 0 0 1
0 1 1 0 0 0 1 1
0 1 0 1 0 1 0 1
1 0 0 1 1 1 1 0
0 0 1 1 1 0 0 0
0 1 1 1 0 0 0 1
0 0 1 1 1 1 1 1
1 1 0 1 0 0 0 1
1 1 1 1 1 1 1 1
1 1 0 1 0 0 1 1
1 0 0 0 0 0 1 1
0 1 1 1 0 0 0 1
1 1 1 1 0 0 1 1
1 1 1 1 0 1 1 1
1 1 0 1 0 1 1 1
1 0 0 1 1 1 0 0
1 0 1 0 1 0 1 0
1 0 0 1 0 1 1 1
1 1 1 0 0 1 1 1
1 1 0 1 0 1 1 1
1 0 0 1 0 1 1 1
1 1 1 1 0 0 1 1
1 1 0 1 0 0 1 1
1 1 1 1 1 0 1 1
1 0 1 0 1 0 1 1
1 1 1 1 0 0 1 1
0 1 1 1 0 0 1 1
0 1 0 1 1 0 0 1
1 1 1 0 0 0 1 1
0 0 1 1 0 0 1 1
0 0 1 1 0 1 1 0
0 1 1 1 0 0 0 1
0 0 0 1 0 1 1 1
0 1 0 1 0 0 1 1
0 1 1 1 0 0 1 1
1 1 1 0 0 0 1 1
0 0 0 1 1 1 1 0
0 0 1 1 1 1 1 0
0 1 1 1 1 0 1 1
1 0 1 1 0 1 1 1
1 1 1 1 1 1 0 1
1 1 1 0 0 0 0 1
1 0 1 0 0 1 0 1
0 0 1 1 1 1 1 0
0 1 0 1 0 1 1 1
1 1 1 1 0 0 1 1
1 1 0 1 0 0 0 1
1 1 0 1 0 0 0 1
1 1 0 1 1 0 1 1
0 0 0 1 0 1 1 0
0 1 1 1 1 1 1 1
0 1 1 1 0 1 1 1
0 0 1 1 1 0 1 1
1 1 1 1 1 0 1 1
0 1 1 0 1 0 1 1
0 1 0 1 0 1 1 1
0 1 1 1 0 0 1 1
1 0 1 1 0 1 0 1
0 0 0 0 1 0 1 0
0 1 1 1 0 0 0 1
1 0 0 1 0 1 0 0
0 1 1 1 0 1 1 1
1 1 0 1 1 0 0 1
0 0 0 1 0 0 1 0
0 1 1 0 0 0 0 1
0 1 0 1 0 0 1 1
0 1 1 1 0 0 0 1
0 1 1 1 0 1 1 1
0 0 0 0 1 0 0 0
0 1 0 1 0 0 0 1
1 0 1 0 1 0 0 1
1 0 1 1 0 1 1 1
0 0 1 1 0 1 1 0
1 1 1 0 0 0 1 0
1 1 1 1 0 1 1 1
1 0 1 1 0 1 1 0
1 1 1 1 0 1 1 1
0 1 0 1 0 0 1 1
1 1 1 0 1 0 1 1
0 1 1 1 1 1 1 1
0 1 0 1 0 0 0 1
0 1 1 0 0 0 1 1
1 1 1 0 0 0 1 1
1 1 1 1 0 1 0 1
0 1 0 1 0 1 1 1
0 1 1 1 0 1 1 1
1 0 0 1 1 1 0 0
1 1 1 1 0 1 1 1
1 1 0 1 0 0 1 1
0 1 1 1 1 0 0 1
1 1 0 1 0 1 1 1
0 1 1 1 0 0 1 1
1 0 0 1 1 0 1 0
1 1 1 1 1 0 1 1
1 1 1 1 0 0 0 1
0 1 1 1 1 1 1 1
1 1 1 0 0 0 1 1
1 1 1 1 0 0 0 0
0 1 1 1 0 1 0 1
1 0 1 0 1 0 1 0
1 1 0 0 1 1 1 1
1 1 0 1 0 1 1 1
1 0 1 1 0 1 1 1
0 0 1 1 0 0 1 0
1 1 0 1 1 1 0 1
0 1 1 1 0 1 1 1
1 1 0 1 0 1 1 1
1 1 1 1 0 1 1 1
1 0 0 1 1 0 0 0
0 1 1 1 0 0 1 1
0 1 0 1 1 1 0 1
1 1 1 1 0 0 1 1
1 1 1 1 0 0 1 1
1 1 0 1 0 1 0 1
0 1 0 1 0 0 1 0
0 1 0 1 0 0 1 1
1 1 1 1 0 1 1 1
0 1 1 0 0 0 1 1
0 0 1 0 0 0 1 1
1 1 0 0 1 0 1 1
1 1 0 1 0 0 1 1
0 1 0 1 0 0 1 1
1 1 1 1 0 0 1 1
0 0 0 1 0 1 1 1
0 0 1 1 1 0 1 0
1 1 1 1 0 1 0 1
0 0 1 1 0 0 0 1
1 0 1 1 0 1 0 1
1 1 1 1 0 1 1 1
0 1 1 1 0 0 1 1
0 1 1 1 1 0 1 1
0 1 0 1 0 1 1 1
1 1 1 1 0 1 1 1
1 0 1 1 0 1 1 1
0 1 1 1 0 0 1 1
0 0 0 1 0 1 0 1
0 1 1 1 1 1 1 1
0 1 1 0 0 0 1 1
1 0 1 1 1 0 1 1
0 1 0 1 1 1 0 1
1 1 1 1 0 1 1 1
1 1 0 0 0 0 1 1
1 0 1 1 1 1 1 1
1 0 0 1 0 1 1 1
1 1 0 1 0 1 1 1
1 1 1 1 0 0 1 1
1 1 1 1 0 1 1 1
0 0 1 1 0 1 1 1
0 0 0 1 0 0 0 1
0 1 0 1 0 1 1 1
0 0 1 1 1 1 1 0
0 0 1 1 1 0 1 1
1 1 1 1 0 1 1 1
0 1 0 1 1 0 1 1
1 1 0 1 1 0 1 1
1 1 1 1 0 0 1 1
1 1 0 1 0 0 1 1
1 1 1 1 0 0 0 1
0 0 1 1 1 0 1 1
1 1 1 1 1 0 1 1
1 1 1 1 0 0 0 1
0 1 1 1 1 0 1 1
0 1 1 1 1 1 1 1
0 0 1 1 0 0 1 1
1 1 0 1 0 0 1 1
1 1 1 0 0 0 0 1
0 1 0 0 0 0 0 1
0 1 0 1 1 0 1 1
0 0 1 0 0 0 1 1
0 1 1 1 0 0 1 1
1 1 1 1 0 0 0 1
1 0 0 1 0 1 1 1
0 1 1 1 0 0 1 1
1 0 1 1 1 1 1 0
1 1 1 1 0 1 0 1
0 0 0 1 0 0 0 0
1 1 1 1 1 1 1 1
0 1 1 1 0 0 1 1
0 1 1 1 0 1 1 1
0 1 1 1 0 1 1 1
0 1 0 1 0 0 0 1
1 0 0 1 0 1 0 1
0 1 0 1 0 1 0 1
1 1 1 1 0 1 1 1
1 1 1 1 0 1 1 1
0 1 1 1 1 0 1 1
0 1 1 1 1 1 1 1
0 1 1 1 0 0 1 1
0 1 0 1 0 0 1 1
1 1 0 1 0 0 1 1
1 1 0 1 0 0 1 1
1 1 1 1 1 1 1 1
0 0 0 0 1 0 0 0
0 0 1 1 0 1 1 1
1 1 1 1 0 1 0 1
1 1 1 0 0 0 0 1
0 1 0 0 0 0 0 1
0 0 1 0 0 0 1 1
0 0 1 1 0 0 1 1
1 0 0 1 0 1 1 0
1 1 0 1 1 1 1 1
0 1 1 1 0 0 1 1
0 1 0 1 0 1 1 1
0 1 1 1 0 1 1 1
0 0 1 1 0 1 0 0
0 0 1 1 1 1 1 1
0 0 1 1 1 1 1 1
0 0 1 1 0 1 1 1
0 0 0 1 0 1 0 1
0 1 0 1 0 0 0 0
1 1 0 1 1 0 1 1
0 1 1 1 1 1 1 1
1 1 1 0 0 1 1 1
0 1 1 1 0 0 1 1
0 0 1 1 1 1 1 0
1 1 1 1 0 1 1 1
0 0 1 0 0 0 1 1
1 1 0 0 0 0 0 1
1 0 1 1 1 1 1 0
0 1 1 1 0 0 0 1
0 1 1 1 0 0 1 1
1 1 0 1 0 1 0 1
1 1 1 1 0 0 1 1
1 1 0 1 0 1 0 1
0 1 0 1 1 0 1 1
0 1 1 0 0 0 1 1
0 1 1 1 0 0 1 1
1 1 0 1 0 0 0 1
0 1 1 0 0 0 1 1
0 1 0 1 1 0 1 0
0 1 0 1 0 0 1 1
0 1 1 1 1 0 1 1
0 1 1 0 0 0 1 1
1 0 1 1 0 1 1 1
1 0 0 0 0 0 0 0
1 0 0 1 1 0 0 0
0 1 0 0 0 0 0 1
0 1 1 1 0 1 0 1
0 0 1 1 0 1 1 1
0 0 0 0 1 0 0 0
1 0 1 1 1 1 1 0
1 1 1 1 0 0 0 1
1 1 0 1 1 0 1 1
0 1 1 1 0 0 1 1
1 1 1 1 0 0 1 1
0 0 0 1 1 1 1 0
1 1 0 1 0 1 0 1
1 0 1 0 0 0 1 1
1 0 1 1 0 1 0 1
0 1 1 1 1 0 1 1
1 0 0 1 0 0 1 0
1 0 0 1 1 1 1 0
1 1 1 1 0 1 0 1
1 0 0 1 1 1 1 0
0 1 1 0 1 0 0 1
0 1 1 0 1 0 1 1
0 1 1 1 0 0 0 1
0 0 1 1 0 1 1 1
1 1 1 1 1 0 1 0
1 1 1 0 0 0 1 1
1 1 1 1 1 1 1 1
1 1 0 0 0 0 1 1
0 1 1 1 0 0 1 1
1 0 1 1 0 1 1 1
0 0 0 1 0 0 1 1
1 1 1 0 0 1 0 1
1 0 0 1 1 0 0 1
0 1 1 1 0 1 1 1
1 0 0 1 1 0 1 0
1 1 1 0 0 0 0 1
0 1 1 1 0 0 1 1
1 0 1 1 1 1 1 1
1 1 1 1 0 1 1 1
0 1 1 1 0 1 1 1
0 0 1 1 0 0 0 1
0 1 1 1 0 0 1 1
0 1 1 1 0 1 1 1
1 1 1 1 0 1 1 1
0 0 0 1 0 0 1 1
1 1 0 1 0 1 0 1
1 0 1 1 1 0 1 0
1 1 1 1 1 1 0 1
1 0 1 1 0 1 1 1
0 0 0 1 1 1 1 0
1 1 0 1 1 1 1 1
1 1 0 0 1 0 0 1
1 1 1 0 0 0 1 1
1 0 1 1 0 0 1 1
1 1 0 1 0 0 0 1
0 0 1 1 0 1 1 1
0 1 1 1 0 1 0 1
1 1 1 1 1 0 1 1
1 1 1 1 0 1 1 1
0 1 1 1 0 0 1 1
1 1 0 1 0 1 1 1
0 1 1 1 0 1 1 1
1 1 1 1 0 0 1 0
1 1 1 0 0 0 1 1
0 1 0 1 0 0 1 1
1 1 0 1 0 0 0 1
1 0 0 1 1 1 1 1
0 1 1 1 0 0 1 1
0 1 1 1 0 1 1 1
0 1 1 1 0 0 1 1
1 1 1 1 0 1 0 1
1 0 0 1 0 1 1 0
1 1 0 1 0 1 0 1
1 1 1 1 0 1 0 1
0 1 1 1 0 1 0 1
1 1 0 0 0 0 1 1
0 1 1 1 1 1 1 1
0 0 0 1 1 0 0 0
0 0 0 1 0 0 0 1
0 1 1 1 1 1 1 1
1 1 1 1 0 1 1 1
1 0 1 1 0 1 1 1
0 1 1 1 0 1 1 1
1 1 0 0 0 1 0 1
0 1 1 1 1 1 1 1
1 1 1 0 0 0 1 1
1 1 1 1 0 1 1 1
1 0 1 0 1 0 1 0
1 1 0 1 0 1 0 1
0 1 1 1 0 1 1 1
1 1 1 0 1 0 1 1
1 0 0 1 0 1 1 0
0 1 0 1 0 0 0 1
0 1 0 1 1 1 1 1
1 1 1 1 0 1 1 1
0 1 0 1 0 0 1 1
1 1 1 1 1 1 1 1
0 1 0 1 0 0 0 0
1 1 1 1 0 0 0 1
1 1 1 1 1 0 1 0
0 1 1 0 0 0 1 1
0 1 1 0 0 0 0 1
0 1 1 1 1 1 1 1
0 1 1 1 0 0 1 1
0 1 1 1 0 0 0 1
0 0 1 1 0 1 1 1
1 1 1 1 0 1 1 1
1 0 0 1 1 0 0 0
1 0 1 1 0 1 1 1
1 1 0 1 1 1 1 1
1 1 1 1 0 0 1 1
1 1 1 0 0 1 0 1
1 0 1 1 0 1 1 1
0 1 0 1 0 1 0 1
1 1 1 0 0 0 1 1
0 1 1 1 0 0 1 1
1 1 1 1 0 1 1 1
1 1 1 1 0 0 1 1
0 1 0 1 1 0 1 1
1 1 1 1 0 1 1 1
0 1 0 1 0 1 1 1
0 1 0 0 0 1 1 1
0 0 0 1 1 1 0 0
1 1 1 0 1 0 1 0
0 0 0 1 0 0 1 1
0 1 1 1 0 0 1 1
0 0 0 0 1 0 1 0
1 0 1 1 1 1 1 0
1 1 1 1 0 1 0 1
0 1 1 1 0 0 1 1
1 0 1 0 0 0 1 1
0 1 1 1 0 0 1 1
0 1 1 1 0 0 1 1
1 1 0 1 0 1 0 1
1 1 1 1 1 1 0 1
1 1 1 0 1 0 1 1
0 1 0 0 1 0 0 0
1 1 1 1 0 0 1 1
1 1 1 1 0 0 1 1
1 1 1 1 0 0 1 1
0 1 0 1 0 0 0 1
1 1 1 0 0 0 1 1
1 1 0 1 1 1 0 1
1 1 1 0 0 1 0 1
0 1 1 1 1 0 1 1
1 1 1 1 0 1 1 1
0 0 0 1 0 1 1 0
1 0 0 1 1 0 0 0
1 1 1 1 0 1 1 1
1 0 0 1 1 1 1 0
0 1 1 1 0 1 0 1
0 1 1 0 0 0 1 1
1 1 0 1 1 0 1 1
0 1 1 1 0 1 1 1
0 1 0 0 0 0 1 1
1 1 1 1 0 1 0 1
0 0 0 1 0 0 0 0
1 0 1 1 0 1 0 1
1 1 1 0 0 0 1 1
1 0 0 1 0 1 1 1
0 1 0 1 0 0 0 1
0 1 1 0 0 0 1 1
0 0 0 1 0 0 1 0
1 1 1 1 0 0 1 1
0 1 1 1 0 0 0 1
0 1 1 0 1 0 1 1
0 1 0 1 0 1 1 1
0 1 1 1 0 1 1 1
1 1 1 1 0 1 1 1
0 0 1 0 0 0 1 1
1 1 0 1 0 1 1 1
1 1 0 1 0 1 0 1
1 0 1 1 0 1 0 1
0 1 1 1 0 1 1 1
1 0 1 1 0 0 1 1
0 1 1 1 0 1 1 1
1 1 1 0 0 0 0 1
1 1 1 1 0 1 1 1
0 0 0 0 1 0 0 0
0 0 1 1 0 0 1 1
0 1 0 1 0 0 0 1
0 1 0 1 0 0 0 1
0 1 1 1 0 1 0 1
1 1 0 1 0 1 1 1
1 1 1 1 0 0 1 1
0 1 1 1 0 1 0 1
1 1 1 1 0 0 1 1
0 1 0 1 0 1 1 1
0 0 0 1 1 0 0 0
1 0 1 1 0 1 1 1
1 0 1 0 1 0 1 1
1 0 0 0 1 1 1 0
1 1 1 0 1 0 0 1
0 0 1 1 0 1 0 1
1 1 1 1 0 0 1 1
1 1 1 1 0 1 0 1
1 1 1 1 0 0 1 1
1 0 0 1 1 1 1 1
0 1 0 1 1 0 1 1
1 1 0 1 1 1 0 1
1 0 1 1 0 0 0 1
1 0 0 1 0 1 0 1
0 1 0 1 0 0 1 1
0 0 1 1 0 1 1 1
0 1 0 1 1 1 1 1
0 0 0 1 0 0 0 1
0 1 1 1 0 0 1 1
1 1 1 0 1 0 1 1
0 1 1 1 1 0 1 1
1 1 1 1 0 1 1 1
0 1 0 0 1 0 1 0
0 1 0 1 0 0 1 1
1 0 0 1 0 1 1 1
1 0 1 1 1 1 1 1
0 0 0 1 1 1 1 0
0 0 1 1 0 0 1 1
1 1 1 0 0 0 1 1
1 1 0 0 0 1 0 1
1 1 1 1 0 1 1 1
0 1 1 0 0 0 1 1
1 1 1 1 0 0 0 1
0 1 1 0 1 0 1 1
0 1 0 1 0 0 1 1
0 1 1 1 0 1 0 1
0 1 0 1 1 0 0 1
1 1 0 0 1 0 1 1
1 1 1 0 1 0 1 1
1 0 1 1 1 1 1 0
0 1 1 1 0 0 1 1
1 1 1 1 0 0 1 1
1 1 0 1 0 1 1 1
0 1 1 1 0 0 1 1
1 0 1 1 1 0 1 0
1 0 1 0 0 0 1 1
1 1 1 1 0 1 1 1
1 1 1 1 0 0 1 1
1 0 1 0 0 0 1 1
0 1 0 1 0 0 0 1
0 0 0 1 1 1 1 1
0 1 0 1 0 1 1 1
1 1 1 1 0 0 0 1
1 0 1 1 0 1 1 1
0 1 0 1 0 0 1 0
1 1 0 1 0 0 0 1
0 0 1 1 1 1 0 0
1 1 1 1 0 1 1 1
0 1 1 1 1 1 1 1
1 1 1 1 0 0 1 1
1 1 1 1 1 1 1 1
1 1 0 1 0 1 1 1
1 1 1 0 0 0 0 1
1 0 0 0 1 1 1 1
1 1 0 1 1 1 1 1
1 0 0 1 0 1 0 1
1 1 1 1 0 1 1 1
1 0 1 0 1 1 1 0
1 1 1 1 0 1 1 1
0 0 0 1 1 1 1 0
0 0 0 1 0 0 1 0
1 0 0 1 1 0 1 0
0 1 1 1 1 0 1 1
1 0 1 0 0 0 1 1
1 1 1 0 0 0 1 1
0 1 1 1 0 0 1 1
1 0 1 1 0 1 1 0
0 0 0 1 0 0 1 1
0 1 1 1 0 0 1 1
0 1 1 1 0 1 1 1
1 0 1 1 1 1 0 1
1 1 1 0 0 0 1 1
0 0 1 1 1 0 1 1
1 1 1 1 1 0 1 0
1 1 1 1 0 1 1 1
0 1 0 1 0 0 0 1
1 1 1 1 1 1 1 1
1 1 1 1 0 1 1 1
0 0 1 1 1 1 1 1
1 1 1 1 0 0 0 1
1 1 1 1 0 0 0 1
0 0 0 1 1 0 1 0
0 1 1 1 0 0 1 1
0 1 1 1 0 0 1 1
0 0 0 0 1 0 1 0
1 1 0 1 0 1 1 1
1 1 0 1 0 0 1 1
0 0 0 1 0 1 0 1
1 0 0 1 0 1 1 1
0 1 1 1 1 0 1 1
0 0 1 0 0 0 0 1
0 1 1 0 0 0 1 0
0 1 1 1 1 0 1 1
1 1 1 0 0 1 1 1
1 0 0 1 0 1 0 0
0 1 0 1 1 0 0 1
1 0 1 0 0 0 1 1
0 1 1 0 0 0 1 1
1 1 0 0 1 0 1 1
0 1 1 1 0 0 1 1
0 1 1 0 0 0 1 1
1 1 1 1 1 1 1 1
1 1 0 1 0 1 1 1
1 1 1 1 0 0 0 1
1 1 1 1 0 0 1 1
1 1 1 1 1 0 1 1
1 1 0 1 1 0 1 1
0 1 1 1 0 0 1 1
1 1 0 0 0 0 1 1
1 1 1 1 0 1 1 1
1 1 1 1 0 0 1 1
1 1 1 1 1 1 1 1
0 0 0 0 0 0 0 1
0 1 0 1 0 0 1 1
0 0 0 1 1 1 1 1
0 0 1 1 1 1 1 1
0 0 1 1 0 0 0 1
0 1 0 1 0 1 0 1
1 1 1 1 0 1 1 1
1 1 0 1 0 1 1 1
1 1 0 0 0 1 1 1
1 1 1 1 1 0 1 1
0 1 1 1 0 1 0 1
0 1 1 1 0 1 0 1
1 1 0 1 0 0 1 1
1 1 0 1 0 0 0 1
1 1 1 0 1 1 1 1
0 1 1 1 0 0 1 1
0 1 1 1 0 0 0 1
0 1 1 1 1 1 1 1
1 0 0 1 1 0 0 0
0 1 0 1 0 0 1 1
0 1 1 1 0 1 1 1
1 0 0 1 1 1 1 0
0 1 0 1 0 0 1 1
0 1 1 0 0 0 1 1
1 1 1 1 0 1 1 1
0 1 1 1 1 1 0 1
1 1 1 1 0 1 1 1
0 1 1 1 0 0 1 1
1 1 1 0 0 0 0 1
0 1 1 1 0 0 1 1
0 0 1 1 0 1 1 1
0 0 1 1 0 1 1 1
0 1 1 1 0 0 1 1
0 1 1 1 0 0 1 1
0 0 1 1 0 0 1 0
0 0 1 0 1 0 1 0
0 1 0 0 1 0 1 0
0 1 0 1 0 1 0 1
0 1 0 0 0 0 1 1
1 0 1 1 1 1 0 0
1 1 1 0 0 0 1 1
0 1 1 1 1 0 1 1
0 0 1 1 1 1 1 0
0 0 1 1 0 1 1 1
0 0 0 1 1 1 1 0
1 1 1 1 1 0 1 1
0 0 0 1 0 1 0 1
1 1 0 1 0 0 1 1
0 1 0 1 0 0 0 1
1 0 1 1 1 1 1 1
1 0 0 1 1 1 1 0
1 1 1 1 0 1 0 1
0 0 1 1 0 0 1 1
1 0 1 1 0 1 1 1
0 1 1 0 0 0 1 1
0 0 0 1 0 1 0 1
1 0 1 1 1 1 1 1
0 0 1 1 0 0 1 1
1 0 1 1 1 1 1 0
0 0 1 1 0 1 1 1
1 1 0 0 0 1 0 1
0 0 1 0 0 0 1 0
0 0 0 1 1 1 1 0
0 0 1 1 1 0 1 0
1 1 1 0 1 0 1 0
0 1 1 1 0 1 1 1
0 1 1 1 0 0 1 1
0 1 0 0 0 0 1 1
0 1 1 1 1 0 1 1
0 1 1 1 0 0 1 1
0 1 1 1 0 1 1 1
1 1 1 1 1 0 0 1
1 0 0 0 1 0 1 0
0 1 0 1 1 0 1 1
0 1 1 0 0 0 0 1
1 1 0 1 0 1 1 1
1 1 1 1 0 0 1 1
0 0 0 1 1 0 0 1
1 1 1 0 0 0 1 1
1 0 0 1 0 1 0 1
0 0 1 1 0 0 1 1
1 1 1 0 0 0 1 1
1 1 1 0 0 0 1 1
0 1 1 1 0 0 1 1
0 0 1 0 1 0 0 0
1 1 1 1 1 1 1 1
1 1 1 1 0 1 1 1
1 0 0 1 1 1 1 0
1 1 1 1 0 1 1 1
1 0 1 1 0 1 1 1
1 1 1 1 1 1 0 1
1 1 1 1 0 1 1 1
0 1 1 1 0 0 1 1
0 0 1 0 1 0 1 1
1 1 1 1 0 1 1 1
0 1 1 1 0 0 1 1
1 1 1 1 0 1 1 1
0 1 1 1 1 1 1 1
0 1 1 1 0 0 0 1
1 1 0 0 0 0 0 1
1 1 1 0 0 0 1 1
0 1 1 1 0 0 1 0
0 0 0 0 1 0 0 0
1 1 1 0 1 0 0 0
1 1 1 1 0 0 1 1
1 0 0 1 0 0 1 0
1 1 0 1 1 1 1 1
1 1 0 1 0 1 0 1
0 0 1 1 0 1 1 1
0 1 1 1 0 0 1 1
0 0 0 1 0 1 1 0
1 0 1 1 1 1 1 0
0 1 1 1 1 1 1 1
1 1 1 1 0 0 1 1
0 1 1 1 1 0 1 1
0 0 0 1 1 1 1 0
1 1 1 1 1 0 1 0
0 0 0 1 0 0 1 0
0 0 1 1 0 1 1 1
1 1 1 0 0 0 1 1
0 1 1 1 0 0 1 1
0 1 1 1 1 0 1 1
0 1 1 1 0 0 1 1
1 1 1 0 0 0 0 1
0 1 0 0 1 0 1 1
0 1 1 1 0 0 1 1
1 1 1 1 0 1 1 1
1 1 0 1 0 1 0 1
1 1 0 1 0 0 1 1
0 1 1 0 0 0 1 1
1 1 1 0 0 1 1 1
0 0 0 1 1 0 0 0
0 0 0 1 1 0 0 0
1 1 0 1 1 1 1 1
0 0 0 1 0 1 1 1
0 1 0 0 0 0 0 1
1 1 0 1 0 1 1 1
1 1 1 1 1 0 1 0
0 0 1 1 0 1 1 1
0 1 0 1 0 0 1 1
1 1 1 1 0 1 1 1
0 1 1 1 0 0 1 1
0 1 1 1 0 1 1 1
0 1 1 0 1 0 1 1
0 1 1 1 0 0 1 1
0 1 1 0 1 0 1 1
0 1 1 1 0 0 0 1
0 1 0 0 0 0 1 1
1 0 1 0 0 0 1 0
0 1 1 1 0 0 0 1
0 1 1 1 1 0 1 1
1 1 1 1 0 1 1 1
0 0 1 1 0 1 1 1
1 1 0 1 0 0 1 1
1 1 1 1 0 1 1 1
1 1 0 1 0 1 0 1
1 1 1 1 0 0 1 1
1 1 1 1 1 1 1 1
1 1 1 1 0 0 1 1
1 1 1 1 0 0 1 1
1 1 1 1 0 1 1 1
1 1 1 1 0 1 1 1
1 0 0 1 0 1 0 1
0 1 0 1 0 0 1 1
0 0 0 1 0 0 1 1
1 1 0 1 0 1 0 1
0 1 0 1 0 0 1 1
1 1 1 1 0 0 1 1
0 1 1 1 0 0 1 1
0 1 1 0 0 0 1 1
1 1 1 0 0 0 1 1
1 1 0 1 0 1 0 1
1 1 1 1 0 1 1 1
0 0 1 1 0 1 1 1
0 1 1 1 1 0 1 1
1 1 1 1 0 1 0 1
1 0 0 1 1 1 1 0
0 0 1 0 0 0 0 1
0 1 1 0 0 0 1 1
0 1 0 1 0 1 0 1
0 1 0 0 0 0 1 1
0 0 1 1 0 1 0 1
0 0 0 1 1 1 0 0
1 1 1 1 0 0 1 1
1 1 1 1 0 0 1 1
1 1 1 1 0 1 0 1
0 1 0 1 1 0 1 1
0 1 0 0 0 0 1 1
1 1 1 1 0 1 1 1
0 1 0 1 1 0 0 1
1 1 1 1 0 1 1 1
0 1 1 1 1 1 1 1
1 1 1 1 0 1 0 1
1 1 1 1 0 1 1 1
0 1 1 1 1 1 1 1
1 1 1 1 0 0 1 1
0 1 1 1 0 1 0 1
1 1 0 1 0 0 1 1
1 1 1 1 0 0 1 1
1 1 0 1 0 1 0 1
0 1 0 1 0 0 0 1
1 1 1 1 0 1 1 1
0 1 1 1 0 1 1 1
1 1 1 1 0 0 0 1
0 0 1 1 0 1 1 0
0 1 0 1 0 0 0 1
0 1 1 1 0 0 1 1
0 1 1 1 0 1 0 1
0 0 1 1 1 0 1 1
1 1 1 1 1 0 1 1
1 1 1 1 0 1 1 1
0 1 0 0 1 0 1 0
0 1 0 1 1 0 1 1
0 0 1 1 0 0 1 0
1 1 0 1 0 0 1 1
0 1 1 1 1 0 1 1
0 0 1 1 0 0 1 1
1 1 1 0 0 0 0 1
1 1 0 1 1 1 1 1
0 1 1 1 0 0 1 1
0 1 1 0 0 0 1 1
0 1 1 1 0 0 0 1
1 0 0 1 1 1 0 0
1 1 0 1 1 0 0 0
0 1 1 1 1 0 1 0
0 1 0 1 0 0 0 1
1 1 1 0 0 1 1 1
0 0 1 1 1 1 1 1
0 1 0 1 0 1 0 1
1 1 1 1 0 1 1 1
0 0 1 0 0 0 1 1
0 1 1 1 0 0 1 1
1 1 0 1 0 0 0 1
0 0 1 1 0 0 1 0
1 1 1 0 0 0 1 1
1 0 0 1 0 1 0 1
0 0 0 1 1 0 1 0
1 1 1 1 0 0 1 1
0 1 1 1 0 0 1 1
0 1 1 1 1 1 1 1
0 1 1 1 0 0 1 1
0 1 1 1 1 0 1 1
1 1 1 1 1 0 1 1
1 0 1 1 1 1 1 0
1 1 1 1 0 1 1 1
0 1 1 1 0 1 1 1
1 1 0 1 1 1 0 1
0 1 1 1 1 0 1 1
1 0 1 1 1 1 1 0
0 0 0 1 1 1 0 0
0 1 1 1 0 1 0 1
0 0 0 0 1 0 1 0
0 0 1 1 1 1 1 0
0 1 1 1 0 0 1 1
0 0 1 1 1 1 1 1
0 1 0 1 0 1 1 1
1 1 1 1 0 1 1 1
0 0 1 1 0 0 1 1
0 1 1 1 0 1 1 1
1 0 0 1 1 0 0 0
1 1 1 1 0 1 0 1
1 1 1 1 0 1 1 1
0 1 1 1 0 0 1 1
0 1 0 1 1 0 1 1
1 1 0 1 0 1 1 1
1 1 0 0 0 0 1 1
0 1 1 0 0 0 0 1
0 1 1 1 0 1 1 1
0 0 0 1 1 1 1 0
0 0 0 1 0 1 1 0
1 1 1 1 0 1 1 1
0 1 1 1 1 1 1 1
1 1 1 1 0 1 1 1
0 0 0 0 0 0 0 0
1 1 1 1 0 0 1 1
1 1 1 0 1 1 1 1
0 1 1 0 1 0 1 1
1 0 1 1 0 0 1 0
0 1 0 1 1 0 1 0
0 1 0 1 0 1 0 1
0 0 0 1 1 1 0 0
0 1 1 0 0 0 1 1
1 1 1 0 0 0 0 1
0 1 0 0 0 0 1 1
1 0 0 1 1 1 1 0
1 1 1 1 1 1 1 1
0 1 1 1 0 1 1 1
0 0 0 1 0 1 1 0
1 1 1 1 0 1 1 1
1 1 0 0 0 0 1 1
0 1 0 1 0 0 0 1
0 1 1 1 0 1 1 1
0 1 1 1 0 0 0 1
0 1 1 1 0 1 1 1
0 1 1 0 0 0 1 1
0 0 0 1 1 1 0 0
1 1 1 1 0 1 1 1
0 1 0 0 0 0 0 0
1 1 1 1 0 1 0 1
0 1 0 1 0 0 0 1
0 1 1 1 0 1 1 1
1 1 1 1 0 1 1 1
1 1 0 1 0 1 0 1
0 1 1 1 0 0 1 1
0 0 1 1 0 1 0 1
0 1 1 1 0 0 1 1
0 1 1 1 1 1 0 1
1 0 1 1 1 1 0 1
1 1 1 0 0 0 1 1
1 0 1 1 0 1 0 1
1 1 0 1 1 1 0 1
1 1 0 1 0 1 1 1
1 1 1 1 0 0 1 1
1 1 1 0 0 1 0 1
1 1 0 0 0 0 1 1
1 1 1 1 0 1 1 1
1 1 1 0 1 0 1 1
0 1 1 1 0 1 1 1
0 1 1 0 1 0 1 1
1 1 1 1 0 0 1 1
0 1 1 0 0 0 1 1
1 0 1 1 0 1 1 1
1 0 1 1 1 1 1 0
0 1 1 1 0 0 1 1
0 1 0 1 1 0 1 1
1 0 1 1 0 1 1 1
1 1 0 1 1 1 0 1
1 1 0 1 1 0 0 1
1 1 0 1 1 0 0 1
1 0 1 1 0 1 1 1
0 1 1 1 0 0 1 1
0 1 0 0 0 0 1 1
1 0 1 1 1 1 1 0
1 0 0 1 0 1 1 0
0 1 0 1 0 0 0 1
0 1 0 1 0 0 1 1
0 1 1 1 0 0 0 1
0 1 1 1 0 1 1 1
0 1 1 0 0 0 0 1
1 1 1 1 0 1 1 1
0 1 1 1 0 1 1 1
0 1 1 0 0 0 1 1
1 1 1 1 1 1 1 1
0 1 1 1 0 0 0 1
1 1 1 1 1 1 1 1
1 1 0 1 0 0 1 1
0 0 0 1 0 0 1 0
0 1 1 1 1 0 1 1
0 1 0 1 0 0 1 1
0 1 1 0 1 0 1 1
1 0 0 1 1 0 1 0
0 0 1 1 0 1 1 1
0 0 0 1 1 1 0 0
1 1 1 0 0 1 1 1
0 1 1 1 0 0 1 1
1 1 1 1 0 0 1 1
0 1 1 0 0 0 0 1
0 0 1 0 0 0 1 1
0 0 1 1 0 0 1 1
0 0 1 0 0 0 1 1
0 1 0 0 1 0 1 1
1 1 0 1 1 1 1 1
0 1 1 0 1 0 1 1
1 1 1 1 1 1 1 1
0 1 1 0 1 0 1 1
0 0 0 1 0 1 1 0
0 1 1 1 0 0 1 1
0 0 0 1 1 0 0 0
0 1 1 0 1 0 1 1
0 1 1 1 0 1 1 1
0 1 1 1 0 0 1 1
0 0 1 1 0 0 1 1
0 0 0 1 0 1 1 1
1 1 1 1 1 1 1 1
0 1 0 1 0 0 0 1
1 1 1 1 0 1 1 1
0 1 0 1 0 0 0 1
1 1 0 1 0 1 1 1
0 1 1 1 0 0 1 1
1 1 1 1 0 0 1 1
0 0 1 1 0 1 1 1
0 1 0 1 0 0 0 1
0 1 1 1 0 0 1 1
0 1 1 1 0 0 1 1
0 1 1 1 1 0 1 1
0 1 0 0 1 0 1 1
1 1 1 0 1 1 1 1
0 1 0 1 1 0 1 0
1 0 0 1 1 0 1 0
1 1 0 1 0 0 1 1
0 0 1 1 1 1 1 0
0 1 1 1 0 0 1 1
0 0 1 1 1 1 0 0
1 1 1 1 0 0 0 1
1 1 1 1 1 0 1 1
0 0 1 1 1 0 1 0
1 0 0 1 0 0 0 0
0 1 1 1 0 0 1 1
0 1 1 0 0 0 1 1
0 1 1 1 0 1 1 1
0 0 0 1 1 0 0 0
0 1 1 1 0 0 1 1
1 1 1 1 0 1 1 1
0 1 1 1 0 0 1 1
1 1 1 0 0 0 1 1
1 1 1 1 0 0 1 1
1 0 0 1 1 1 1 0
1 0 0 1 1 0 0 0
0 0 1 0 0 0 1 1
0 1 0 1 0 0 1 1
1 0 1 1 1 0 1 0
1 1 1 1 0 1 1 1
1 0 1 0 0 0 1 1
0 1 1 1 0 0 0 1
1 1 1 1 0 1 1 1
0 1 1 1 0 1 1 1
0 1 0 1 0 1 1 1
1 1 0 1 0 1 0 1
0 0 1 1 0 0 1 1
1 1 0 1 0 0 0 1
0 0 0 1 0 0 0 0
1 0 1 1 1 1 1 1
1 1 1 1 1 1 1 1
0 0 1 1 1 1 0 1
1 0 1 1 0 0 1 1
1 1 1 1 1 0 1 1
1 1 0 1 0 1 1 1
1 1 0 0 0 0 0 1
0 1 0 1 1 0 1 1
1 1 1 0 0 0 1 1
0 1 1 1 0 0 1 1
1 0 0 0 1 0 1 0
0 1 1 1 1 0 1 1
0 1 1 1 0 0 1 1
1 1 1 0 1 1 1 1
1 0 0 0 1 0 0 0
1 1 0 1 0 1 0 1
1 1 1 1 0 0 1 1
1 1 1 1 0 1 1 1
1 0 1 1 0 1 1 1
0 1 0 1 0 1 0 1
1 1 0 1 0 0 0 1
1 1 1 0 0 1 1 1
1 0 0 0 0 0 1 1
1 1 1 1 1 0 1 1
0 1 0 1 1 1 1 1
0 1 1 1 0 0 0 1
0 1 1 0 0 0 1 1
0 1 0 1 1 0 1 1
0 1 0 1 1 1 0 1
1 0 1 1 1 1 1 0
0 1 1 1 0 0 0 1
1 1 1 1 0 1 1 1
1 1 0 1 0 0 0 1
0 1 1 1 0 0 1 1
0 1 1 0 0 0 0 1
0 1 0 1 0 1 1 1
0 0 0 1 0 1 1 0
0 0 0 1 1 0 0 0
0 1 1 1 0 1 1 1
0 1 0 1 0 0 1 1
0 0 1 1 1 0 1 0
0 0 1 1 1 0 1 0
0 1 0 1 1 0 0 1
1 1 1 1 0 1 1 1
1 1 0 1 0 0 0 1
1 0 0 1 1 0 1 0
0 1 0 0 0 0 0 1
1 1 1 1 0 1 1 1
1 1 1 1 0 1 1 1
1 1 0 1 1 1 1 1
1 1 1 1 0 1 1 1
1 1 1 0 1 0 1 1
0 1 1 0 0 0 1 1
0 0 1 0 1 1 0 0
1 1 1 0 0 0 0 1
1 1 0 1 1 0 0 1
0 1 0 1 0 0 1 1
1 0 0 0 1 1 1 1
0 1 1 1 0 0 0 1
0 1 1 1 1 0 1 1
1 0 1 0 1 0 1 0
1 1 1 1 0 0 1 1
0 1 1 1 0 1 1 1
1 1 0 1 1 1 1 1
0 1 1 1 0 1 0 1
0 0 1 1 0 1 1 1
0 1 1 1 1 0 1 1
0 1 1 1 0 0 0 1
0 0 0 1 1 1 1 1
0 0 1 1 0 1 1 0
1 1 1 1 0 1 1 1
0 1 1 1 0 0 0 1
0 0 1 1 1 0 1 1
0 1 0 1 0 1 1 1
0 1 0 1 0 0 0 1
0 0 0 1 1 1 1 0
0 1 1 0 0 0 1 1
0 1 0 0 1 1 1 1
1 1 0 1 0 0 0 1
0 1 1 1 0 0 1 1
0 1 1 1 0 1 1 1
1 1 1 0 0 1 1 1
0 1 1 0 1 0 1 1
0 1 0 1 0 1 0 1
1 1 1 1 1 0 1 1
1 1 0 1 0 1 1 1
1 0 0 1 0 1 1 1
0 0 0 1 0 1 0 1
0 1 1 0 1 0 1 1
1 1 1 1 0 1 1 1
1 1 1 1 1 1 1 1
0 1 1 1 0 0 1 1
0 0 1 1 0 1 0 1
0 0 0 1 0 0 0 0
1 1 1 0 1 1 1 1
1 1 1 1 0 1 1 1
0 1 1 1 0 1 1 1
0 1 1 1 0 0 0 1
1 0 1 1 0 0 0 1
0 1 1 1 1 1 1 1
1 1 1 1 0 0 1 1
0 1 1 1 1 1 1 1
1 0 1 1 1 1 1 1
1 1 0 0 0 0 1 1
1 1 1 1 0 0 1 1
0 1 1 1 0 0 1 1
0 1 0 0 1 0 1 1
0 1 1 1 0 0 0 1
1 0 0 1 1 1 1 0
1 1 1 1 1 1 1 1
0 1 1 1 1 0 1 1
0 1 0 1 0 0 0 1
0 1 1 0 0 0 0 1
0 1 1 1 0 0 0 1
0 1 1 1 0 0 1 1
1 1 1 1 0 1 0 1
0 0 0 1 1 0 1 0
0 0 1 1 0 1 0 1
1 0 0 1 0 1 0 0
0 1 1 1 0 1 1 1
1 0 0 1 1 1 1 0
0 0 1 1 1 1 1 1
0 1 1 1 1 1 1 1
0 1 1 1 0 0 1 1
1 1 1 1 0 1 1 1
0 1 1 1 0 1 1 1
0 1 1 1 0 1 1 1
0 1 1 1 0 1 1 1
0 1 0 1 0 1 0 1
1 1 0 1 0 1 1 1
1 0 1 1 0 0 1 1
1 0 0 1 0 1 1 0
0 1 0 1 1 1 1 1
0 1 0 1 1 0 1 0
1 0 0 1 1 1 0 0
1 1 1 1 0 1 1 1
0 1 1 1 0 1 1 1
1 1 1 0 0 1 1 1
1 1 1 1 0 1 1 1
1 0 0 1 0 1 1 0
1 1 1 1 0 0 1 1
1 1 0 1 0 1 1 1
0 1 0 1 1 0 0 0
0 1 1 1 0 0 1 1
1 1 0 1 1 0 1 1
0 1 1 1 0 0 1 1
1 1 0 1 1 1 1 1
1 0 0 1 0 0 0 0
0 1 1 1 1 0 0 1
0 1 1 1 1 1 1 1
1 0 0 0 0 1 0 1
1 1 0 1 0 0 1 0
1 1 1 1 0 1 0 1
0 0 1 1 0 1 1 0
1 1 0 1 0 1 0 1
0 1 1 1 0 1 1 1
0 1 1 1 1 0 1 1
1 0 1 1 0 1 1 1
1 1 0 1 0 0 0 1
1 1 1 1 0 1 1 1
1 1 0 1 0 0 0 1
1 0 0 0 1 1 1 0
1 1 0 1 0 1 1 1
1 1 1 1 0 1 0 1
0 0 1 0 0 0 0 1
0 1 1 0 0 0 1 1
1 1 1 0 1 0 1 1
1 0 0 1 1 1 1 0
1 1 1 0 0 0 1 1
1 1 0 1 0 0 0 1
1 0 1 1 0 1 1 1
1 1 1 1 0 1 1 1
0 1 0 1 0 0 1 1
0 1 1 1 0 0 0 1
0 1 1 1 0 0 1 1
1 1 1 0 1 1 1 1
1 1 1 0 0 1 1 1
0 0 1 1 0 1 0 1
1 0 1 1 0 1 1 1
0 0 0 0 1 0 1 1
0 1 1 1 0 0 1 1
1 0 1 1 0 1 1 1
0 1 1 0 0 0 1 1
1 1 1 1 0 1 1 1
0 0 0 0 1 0 0 0
1 1 1 1 0 0 1 1
1 1 1 1 0 1 0 1
1 1 1 1 1 1 1 1
0 1 0 1 1 0 1 1
1 1 1 0 1 0 1 1
1 1 1 1 0 1 1 1
1 1 0 0 0 1 1 1
0 1 1 0 1 0 1 1
1 0 1 1 0 1 1 1
0 0 0 0 1 0 1 0
1 1 1 1 0 0 0 1
1 1 0 1 1 0 1 1
1 1 0 1 1 1 1 1
0 0 0 1 1 0 0 0
1 0 1 0 0 1 0 1
1 0 1 0 0 0 0 1
0 1 1 0 0 0 1 1
0 1 0 1 0 0 1 1
0 1 1 1 0 0 1 1
1 0 0 1 1 1 1 0
1 0 1 1 0 0 1 1
1 1 0 1 0 1 0 1
0 1 1 0 0 0 1 1
0 1 0 0 0 0 1 1
0 1 0 1 0 0 0 1
1 0 1 1 1 1 0 0
1 1 1 1 0 1 1 1
1 1 0 1 0 0 0 1
1 1 1 1 1 0 1 1
0 1 1 1 0 1 1 1
0 0 0 1 0 0 1 1
1 1 1 1 0 1 1 1
1 1 0 1 0 1 1 1
0 1 0 1 1 0 0 1
0 1 1 0 0 0 1 1
1 0 0 0 0 1 1 1
1 0 1 0 1 0 1 0
0 1 0 1 0 0 1 1
1 1 1 1 1 1 0 1
1 1 0 1 0 0 1 1
0 1 1 1 0 0 1 1
1 0 0 1 1 1 1 0
0 1 1 1 1 0 1 1
1 1 1 1 0 0 0 1
1 1 1 1 1 0 1 1
1 0 1 1 0 1 1 1
1 1 1 1 1 1 1 1
1 1 1 1 0 0 0 1
1 1 1 1 0 1 1 1
1 1 0 0 0 0 0 1
1 1 1 1 0 1 1 1
0 1 1 0 1 0 1 1
0 1 1 0 1 0 1 1
0 1 1 1 0 1 0 1
1 0 0 1 1 1 1 0
0 0 1 1 1 0 1 1
1 0 0 1 1 1 1 0
0 0 0 1 1 0 0 0
0 0 0 1 1 1 0 0
0 1 1 1 1 0 1 1
1 1 1 1 0 1 0 1
0 0 0 0 1 0 0 1
1 0 1 1 0 1 1 0
0 1 0 1 1 0 0 1
1 1 1 1 0 1 1 1
0 1 1 1 0 1 1 1
1 1 1 1 0 0 1 1
0 1 0 1 1 0 0 1
0 1 0 0 0 0 0 1
0 0 0 0 0 0 1 1
0 1 0 1 0 0 1 1
1 1 0 0 0 0 0 0
0 1 1 1 0 1 1 1
1 1 1 0 0 0 0 1
0 1 1 1 1 0 1 1
0 0 0 1 1 0 1 0
0 0 0 1 1 1 1 0
0 1 1 0 0 0 1 1
0 1 1 0 0 0 0 1
1 1 1 1 0 1 1 1
1 1 0 1 0 0 1 1
1 1 1 1 1 1 1 1
1 1 1 1 0 1 1 1
1 1 1 1 0 0 1 1
0 1 0 0 0 0 0 1
0 0 0 1 0 1 0 0
1 1 0 1 1 1 1 1
0 1 1 1 0 1 1 1
1 1 1 0 1 0 1 1
1 1 1 1 0 1 1 1
0 1 1 1 0 1 0 1
0 1 1 0 0 0 1 1
1 1 0 1 0 1 1 1
0 0 1 1 0 1 1 1
1 1 1 1 0 1 1 1
1 1 1 1 0 1 1 1
0 1 1 1 0 0 0 1
0 1 1 0 0 0 1 1
0 1 1 1 0 0 1 1
1 0 0 1 1 1 0 0
0 1 1 1 0 1 1 1
0 1 1 1 0 0 0 1
1 1 1 1 0 1 0 1
1 1 1 1 0 0 1 1
0 1 1 0 0 0 0 1
0 1 1 0 0 0 1 1
0 1 1 1 1 1 1 1
1 0 1 1 0 1 1 1
0 1 1 1 0 0 0 1
0 1 1 1 1 0 1 1
0 1 0 1 0 1 1 1
0 1 0 1 0 0 0 1
1 0 1 1 0 1 0 1
1 1 0 0 0 1 0 1
1 1 1 1 0 1 0 1
1 0 0 1 1 1 1 0
1 1 1 0 0 0 1 1
1 1 1 0 1 1 1 1
0 0 0 1 1 1 1 0
1 1 1 1 0 1 1 1
0 1 1 1 0 0 1 1
0 0 0 1 1 0 0 0
0 1 1 1 0 0 1 1
0 1 1 0 0 0 1 1
0 0 0 1 0 1 1 0
0 1 1 1 0 0 1 1
1 1 0 1 0 1 0 1
1 1 1 0 1 0 1 1
1 1 0 1 0 0 0 1
0 1 1 0 0 0 1 1
0 0 0 0 0 0 1 1
0 1 1 0 0 0 1 1
0 1 1 0 1 0 1 1
1 0 1 1 0 1 1 1
1 1 1 0 0 1 1 1
0 1 1 1 0 1 0 1
1 1 1 1 0 0 0 1
1 1 0 1 0 1 1 1
1 1 1 0 0 0 0 1
1 1 1 0 1 0 1 1
1 1 1 1 1 1 1 1
1 1 0 1 0 1 1 1
0 0 0 0 1 1 0 0
1 1 1 1 0 0 1 1
0 1 1 1 1 1 1 1
1 1 1 0 0 0 1 1
0 1 1 1 0 0 1 1
1 1 1 1 0 0 1 1
0 1 1 1 0 0 0 1
0 0 0 1 0 0 1 0
0 0 1 0 1 0 1 1
0 1 0 1 0 0 1 1
1 1 1 1 0 0 1 1
0 0 1 0 0 0 1 1
0 1 0 1 1 0 1 1
1 1 1 1 1 1 1 1
1 1 1 1 0 0 0 1
1 1 1 1 1 0 0 1
0 1 0 1 1 0 0 1
0 0 0 1 1 0 0 0
1 1 1 1 1 1 0 1
1 1 1 1 0 1 1 1
0 1 1 1 1 0 1 1
1 1 0 1 0 0 0 1
1 1 1 1 0 0 0 1
1 0 1 0 1 0 1 1
0 0 0 0 1 0 1 0
1 0 0 0 1 0 0 0
0 1 0 1 0 0 0 1
0 1 1 1 1 0 1 1
1 1 0 1 1 1 1 1
0 1 0 1 0 1 1 1
0 0 0 0 0 0 1 0
1 1 0 0 0 0 0 1
1 1 0 1 0 0 0 1
0 1 1 1 1 0 0 1
1 0 1 0 0 1 0 1
1 1 1 1 0 1 1 1
1 1 1 1 0 0 0 1
0 1 1 1 0 0 0 1
1 1 1 0 0 0 0 1
0 1 1 1 0 0 1 1
0 1 1 0 0 0 1 1
0 1 1 1 0 0 1 1
1 0 1 1 0 1 1 1
1 1 0 1 0 1 0 1
1 1 1 1 0 0 1 1
1 1 0 1 0 1 1 1
0 1 1 0 0 0 1 1
0 0 1 1 1 0 1 0
1 1 1 1 1 1 1 1
1 1 0 1 0 1 0 1
1 1 1 1 0 1 0 1
0 1 0 1 0 0 1 1
1 1 1 1 0 0 0 1
1 1 0 1 0 1 1 1
1 1 1 1 0 1 1 1
0 1 1 0 0 0 0 1
0 1 1 1 1 1 1 1
0 0 1 1 0 1 1 1
0 1 1 1 1 0 1 1
0 1 1 1 0 1 1 1
0 1 1 0 0 0 1 1
1 0 0 1 1 0 1 0
1 0 1 1 0 1 1 1
0 1 1 1 0 1 1 1
1 1 1 1 0 0 1 1
0 1 1 1 0 1 0 1
0 1 1 1 0 1 1 1
1 1 1 1 0 1 1 1
1 1 1 1 0 0 1 1
0 1 1 1 0 1 0 1
0 1 1 1 0 0 1 1
1 0 0 1 0 1 0 0
0 0 1 1 0 1 0 1
0 1 1 1 0 1 0 1
0 1 0 1 0 0 0 1
1 1 1 0 0 1 1 1
0 1 0 1 0 0 1 1
1 1 1 1 0 0 0 1
1 1 1 1 0 0 1 1
0 0 1 1 0 1 1 1
1 1 0 1 0 0 1 1
0 1 1 1 1 0 1 1
1 1 1 1 1 1 1 1
0 1 1 1 0 0 1 1
0 1 1 1 0 0 0 1
0 1 0 1 0 0 1 1
0 1 1 1 1 1 1 1
1 1 1 1 0 1 1 1
1 1 1 1 1 1 1 1
1 1 1 1 0 1 1 1
1 1 0 1 0 0 0 1
1 1 0 1 0 0 1 0
0 1 0 1 1 1 0 1
1 1 1 0 1 0 1 1
0 1 1 1 0 0 1 1
1 1 1 1 0 0 1 1
1 1 1 0 0 1 0 1
0 0 1 1 0 1 1 1
0 1 0 1 0 0 0 1
1 1 0 0 0 0 1 1
1 1 1 1 0 1 1 1
0 0 0 1 1 1 1 0
1 1 1 0 0 0 1 1
0 1 1 1 0 0 0 1
1 0 0 1 0 1 0 0
1 1 1 1 0 0 1 1
0 1 1 0 0 0 1 1
1 1 0 1 0 1 1 1
1 1 1 1 0 0 1 1
0 0 0 1 1 0 0 0
0 0 0 1 1 1 1 0
1 0 0 1 1 1 1 0
0 1 0 1 1 0 1 1
0 1 1 1 0 1 1 1
1 1 1 1 0 0 1 1
1 1 1 1 0 1 1 1
0 1 1 1 0 0 1 1
1 1 1 1 0 0 1 1
1 0 1 1 0 1 1 1
0 1 1 1 0 0 1 1
0 1 1 1 1 0 0 1
1 0 1 1 0 1 0 1
1 0 1 1 0 1 1 1
0 1 0 1 1 0 1 1
0 1 1 1 1 0 1 1
0 1 0 1 0 1 0 1
1 1 1 1 0 1 1 1
1 1 1 1 0 1 1 1
1 1 1 1 0 1 1 1
1 0 0 0 1 0 0 0
0 1 1 1 0 1 1 1
1 1 0 1 1 0 1 1
1 1 0 1 1 1 1 1
0 1 1 1 0 0 0 1
1 1 1 0 0 0 1 1
0 1 1 1 0 0 1 1
0 1 1 1 0 0 1 1
1 1 1 1 0 1 1 1
1 0 1 1 0 1 0 1
1 1 1 1 1 1 1 1
1 1 1 1 1 1 1 1
0 1 1 1 1 0 1 1
0 1 1 1 0 0 0 1
1 1 0 0 0 0 1 1
0 0 0 1 1 0 0 0
1 1 1 1 0 1 1 1
0 1 1 1 0 1 0 1
1 1 1 1 1 1 1 1
0 0 0 1 0 1 1 0
1 1 1 1 0 1 1 1
0 1 0 1 0 0 0 1
1 1 1 0 1 0 1 1
0 1 1 1 1 0 1 1
1 1 1 1 1 1 1 1
0 1 1 1 0 1 1 1
0 1 0 1 0 0 1 1
1 1 1 1 0 1 1 1
0 0 1 1 1 0 1 0
0 1 1 1 0 0 1 1
0 1 1 1 1 0 1 1
0 0 1 1 0 0 1 1
0 1 0 1 0 0 0 0
0 1 0 1 0 1 1 1
1 1 0 0 0 1 0 1
1 1 1 1 0 1 1 1
0 1 1 1 1 0 1 1
1 1 0 1 0 1 0 1
0 1 1 1 1 1 1 1
0 1 0 1 0 1 1 1
0 1 1 1 0 0 1 1
0 1 0 1 1 1 0 1
0 0 0 1 0 1 1 0
1 1 1 1 0 0 1 1
1 1 0 1 0 1 0 1
0 1 1 1 0 0 0 1
0 0 1 1 0 1 1 1
0 1 0 1 0 1 0 1
1 1 0 1 0 0 0 1
1 1 1 1 0 1 1 1
0 0 0 1 1 1 1 0
0 1 1 1 1 1 1 1
0 1 0 1 0 0 1 1
1 0 1 1 0 1 1 1
1 1 1 1 0 0 1 1
0 1 0 1 0 0 1 1
0 0 1 1 0 0 1 1
1 1 1 1 0 0 0 1
1 1 0 1 0 1 1 1
1 1 1 1 1 0 1 1
1 1 1 1 0 0 1 1
1 1 1 1 0 1 0 1
0 1 1 1 0 0 1 1
0 0 1 1 0 1 1 1
1 0 0 1 0 1 0 1
1 1 1 1 0 1 1 1
0 0 0 1 1 0 0 0
0 1 1 1 0 0 1 1
0 0 1 0 0 0 1 0
0 1 0 1 0 1 0 1
1 1 0 1 0 0 1 1
0 1 1 1 0 0 0 1
0 1 1 1 0 0 1 1
0 1 0 1 0 0 1 1
0 1 0 1 1 0 1 1
0 1 0 1 1 0 1 0
0 0 1 1 1 1 1 0
1 1 1 1 0 1 1 1
1 1 1 1 0 1 1 1
0 1 1 1 0 1 1 1
1 1 1 1 0 0 1 1
0 1 0 1 0 0 0 1
0 1 1 1 0 1 0 1
0 1 0 1 0 0 0 1
0 1 0 1 0 0 0 1
1 1 1 0 0 0 1 1
0 1 1 0 1 0 1 1
0 1 1 0 0 0 1 1
1 1 0 0 0 0 0 1
1 1 1 1 0 0 1 1
1 0 0 1 1 1 1 0
1 0 1 1 0 1 1 1
0 0 1 1 0 1 1 1
1 1 1 1 1 0 1 1
1 0 1 1 0 1 1 1
1 1 1 1 0 0 0 1
0 1 1 1 0 1 1 1
0 1 0 1 1 0 1 1
0 0 1 1 1 1 1 0
0 1 1 0 0 0 1 1
1 0 0 1 0 1 1 1
0 1 0 1 0 0 1 1
0 1 1 1 0 1 1 1
0 0 0 1 1 0 0 0
0 0 0 0 1 0 0 0
0 0 0 1 0 0 0 1
0 1 0 1 1 0 1 1
0 1 1 1 0 0 0 1
0 1 1 0 0 0 1 1
1 0 1 1 0 1 1 1
0 1 1 1 0 0 1 1
1 1 1 1 0 1 0 1
1 1 0 1 1 0 1 0
1 1 1 1 0 0 1 1
0 0 1 0 0 0 1 0
0 1 0 1 1 0 1 0
1 1 0 1 1 0 1 0
0 0 1 1 0 0 1 0
0 1 1 1 0 1 1 1
0 1 0 0 0 0 0 1
0 0 0 1 0 0 1 1
1 0 0 1 1 1 1 0
1 1 1 1 0 1 0 1
1 0 0 1 1 1 1 0
1 1 1 1 0 1 1 1
0 1 1 1 0 0 1 1
0 1 0 1 0 0 1 1
1 1 0 1 0 1 1 1
0 1 1 0 1 0 1 1
0 1 0 1 0 0 1 1
1 1 0 1 0 0 1 1
0 0 0 0 1 0 1 0
0 0 0 1 1 0 0 0
0 1 1 1 0 0 1 1
0 1 1 1 0 0 1 1
1 1 0 1 1 0 1 0
0 1 1 0 1 0 1 1
0 0 1 1 0 1 1 1
0 1 1 1 0 0 1 1
1 0 0 1 1 1 1 1
0 0 1 1 0 1 1 1
0 0 1 0 0 0 1 0
0 1 1 1 0 0 1 1
0 1 1 1 1 0 0 1
1 1 1 0 0 0 1 1
0 1 0 1 0 1 0 1
1 1 0 0 0 0 0 1
1 1 1 1 0 1 1 1
1 1 1 0 0 0 0 1
0 1 1 1 0 0 0 1
0 0 1 0 0 0 1 1
0 1 0 1 0 0 0 1
0 1 1 1 0 1 1 1
0 1 1 1 0 0 1 1
1 1 0 1 0 0 0 1
1 1 1 1 0 1 1 1
1 1 1 0 0 0 0 1
1 1 0 1 0 1 0 1
1 0 0 1 1 1 0 0
0 1 0 1 1 0 1 0
1 0 0 1 1 1 1 0
1 1 1 1 0 1 1 1
1 1 1 1 0 1 0 1
0 0 1 1 1 0 1 1
1 0 1 1 0 1 1 1
0 1 1 1 1 1 1 1
1 0 1 1 1 1 1 1
0 0 0 1 1 0 1 0
0 0 0 1 0 1 0 0
0 0 1 1 0 1 1 1
0 1 1 1 1 0 1 1
0 1 1 1 0 0 1 1
1 1 1 1 0 0 0 1
0 1 1 1 0 1 1 1
1 1 1 1 0 1 0 1
0 1 1 0 0 0 0 1
1 1 1 1 0 1 1 1
0 1 1 1 1 0 1 1
0 1 0 1 0 1 0 1
1 1 1 0 0 0 1 1
0 1 1 1 0 0 1 1
1 0 1 1 1 1 0 0
0 0 1 1 0 1 1 1
0 1 1 1 0 1 1 1
1 1 1 1 1 0 1 1
0 1 0 1 0 1 0 1
1 1 0 1 1 1 0 1
0 1 1 1 0 1 1 1
1 0 1 1 1 1 0 1
0 1 1 1 0 0 1 1
1 1 0 1 0 1 1 1
0 0 1 1 0 0 1 1
0 1 1 1 0 1 1 1
0 1 0 1 0 0 0 1
0 0 0 1 1 1 1 0
1 1 1 1 0 1 1 1
0 1 1 1 0 0 1 1
1 1 0 1 0 1 1 1
1 0 1 1 1 1 1 1
1 1 0 1 1 0 1 0
1 1 1 1 1 0 1 1
0 0 0 1 0 1 1 1
0 0 0 1 0 1 1 1
0 1 1 1 0 0 1 1
0 0 0 1 1 0 1 0
0 1 1 1 0 0 1 1
1 0 1 1 1 1 1 0
0 0 1 1 0 1 0 1
1 1 0 1 0 0 1 1
1 1 0 1 1 1 1 1
0 0 1 1 1 0 1 0
0 1 1 1 0 0 1 1
1 1 0 1 1 0 0 1
0 1 0 1 0 0 1 1
1 1 1 0 0 0 0 1
1 1 1 1 0 1 1 1
0 1 1 0 0 0 0 1
1 1 0 1 0 1 1 0
0 1 1 1 1 0 1 1
0 1 1 1 0 0 1 1
1 1 0 0 1 0 1 1
0 1 1 1 0 1 1 1
1 1 0 0 0 0 1 1
0 1 1 1 0 0 0 1
0 1 0 1 0 0 0 1
1 1 0 1 0 0 0 1
0 1 0 1 0 0 1 1
0 1 1 1 0 1 1 1
0 1 1 0 0 0 1 1
1 0 1 1 0 0 1 0
1 1 0 1 1 0 0 1
0 1 1 1 0 1 1 1
0 0 1 0 0 0 1 1
1 1 1 1 1 0 1 1
0 1 1 1 1 1 1 1
1 0 0 1 0 1 0 0
0 1 1 1 1 0 1 1
0 1 1 1 0 0 0 1
0 1 1 0 0 0 1 1
0 0 1 1 0 0 1 1
1 0 0 1 0 1 0 0
1 1 1 1 0 1 1 1
0 1 1 1 0 1 1 1
0 0 0 1 1 0 1 0
1 0 0 0 1 0 1 1
1 0 0 1 0 1 0 1
1 1 1 1 0 0 1 1
1 0 0 1 1 1 1 0
1 1 0 1 0 1 0 1
1 1 1 1 0 1 0 1
0 1 1 1 0 1 1 1
1 0 1 0 0 0 1 1
0 0 1 1 1 0 1 1
1 1 0 1 0 0 1 1
0 1 0 1 1 1 1 1
0 1 1 0 0 0 0 1
1 1 0 1 0 1 0 1
1 0 1 1 1 1 1 1
0 1 1 1 0 0 0 1
1 1 1 1 0 1 1 1
1 0 1 1 1 1 1 0
0 1 1 1 0 1 0 1
1 1 1 1 0 0 0 1
0 1 0 0 1 0 1 1
0 1 1 0 0 0 1 1
0 1 1 1 0 0 1 1
0 1 1 0 0 0 1 1
0 1 1 1 0 0 1 1
1 0 1 1 1 1 1 0
1 1 1 1 0 1 1 1
1 1 1 1 1 1 1 1
1 1 1 1 0 1 1 1
1 1 1 1 0 0 1 1
0 1 0 1 0 0 1 1
0 1 0 1 0 1 0 1
1 1 1 1 1 1 1 1
1 1 0 1 0 0 0 1
1 1 1 1 0 0 1 1
0 1 0 1 0 0 1 1
1 1 1 1 1 1 1 1
0 1 0 1 0 1 0 1
1 1 0 1 1 0 1 0
0 1 0 0 1 0 1 1
0 1 1 1 0 0 1 1
0 1 1 1 0 0 1 1
1 1 0 1 0 1 0 1
1 0 0 1 0 1 1 0
1 1 0 0 0 0 1 1
1 1 1 1 0 1 1 1
1 1 0 1 0 1 1 1
0 1 0 0 0 0 0 1
0 1 0 1 0 0 1 1
0 1 1 1 0 0 0 1
0 1 1 0 0 0 1 1
1 0 0 0 1 1 0 0
1 0 1 1 1 1 1 1
1 1 1 1 0 0 1 1
1 0 1 0 0 1 0 1
1 1 1 1 0 0 1 1
1 1 0 1 0 1 1 1
1 1 1 1 0 1 1 1
0 0 0 1 1 1 1 0
1 0 0 1 1 1 0 0
1 1 1 1 1 0 1 1
0 1 1 1 1 0 1 1
0 1 0 0 0 0 1 1
1 0 0 1 0 0 1 1
0 1 1 1 0 1 1 1
1 1 0 1 0 1 0 1
1 1 1 1 0 1 1 1
1 1 1 0 1 0 1 1
1 1 0 1 0 1 1 1
0 0 0 1 1 1 1 0
0 1 1 0 0 0 1 1
1 1 1 1 1 0 1 1
1 1 0 1 0 0 1 1
1 1 1 0 1 0 1 1
1 1 1 0 0 1 0 1
0 1 0 1 0 0 1 1
0 1 0 1 1 1 1 1
0 0 0 1 0 1 1 1
0 1 1 1 0 0 0 1
0 0 1 1 1 0 1 0
1 1 1 0 0 0 0 1
1 1 0 1 0 0 1 1
0 1 0 0 0 0 0 1
1 1 1 1 0 1 1 1
1 1 1 1 1 0 1 1
1 1 1 1 0 1 1 1
1 0 1 0 0 0 0 1
0 1 1 1 1 1 1 1
0 1 0 1 1 1 1 1
0 0 0 1 1 0 1 0
1 0 0 1 0 1 0 1
1 1 1 1 0 0 1 1
1 0 1 0 1 1 1 1
1 0 0 1 1 0 0 0
0 0 1 0 0 0 1 1
0 1 1 0 0 0 1 1
1 1 1 1 0 1 1 1
0 1 0 0 1 0 1 1
1 1 1 1 0 1 1 1
1 1 0 1 1 1 1 1
1 0 0 1 1 1 1 0
1 0 1 1 0 1 0 1
0 1 0 1 0 0 1 1
0 0 1 1 1 1 1 0
0 1 1 1 0 1 0 1
0 1 1 1 0 1 1 1
1 0 1 1 1 1 1 1
1 0 0 1 0 1 0 1
1 1 0 1 0 1 0 1
1 1 1 0 0 0 1 1
1 1 1 1 0 1 0 1
1 0 1 1 0 0 1 1
0 1 1 1 0 1 1 1
1 0 0 1 1 0 1 0
0 1 1 1 1 1 1 1
1 1 1 1 1 1 1 1
1 1 1 1 1 0 1 1
0 1 0 0 0 0 1 1
0 1 1 0 1 0 1 1
0 1 0 1 1 1 1 1
0 0 0 1 0 1 1 0
0 1 1 1 0 0 1 1
1 1 0 1 0 1 1 1
1 0 1 1 0 0 1 1
0 1 1 1 1 0 1 1
1 1 1 1 0 0 1 1
1 1 1 1 0 1 1 1
1 1 0 0 0 0 0 1
0 1 0 1 0 0 0 1
1 0 0 0 0 0 1 1
1 0 1 1 0 1 0 1
1 1 1 1 0 1 0 1
1 1 1 1 1 1 1 1
1 0 0 1 1 1 1 0
1 0 1 1 0 0 1 1
0 0 0 1 0 1 1 1
0 1 1 1 0 1 1 1
0 1 0 0 1 0 1 1
1 1 1 0 0 0 1 1
0 1 0 0 0 0 1 1
0 1 1 1 0 0 1 1
1 0 1 1 0 1 1 1
1 0 0 1 0 0 0 0
0 0 1 0 0 0 0 1
1 1 1 1 0 1 1 1
0 1 0 1 0 1 1 1
0 1 1 1 0 1 1 1
1 0 0 0 1 0 0 0
1 1 1 0 0 0 1 1
0 0 1 1 0 1 1 1
1 1 1 1 1 1 1 1
1 1 1 1 0 0 1 1
0 1 0 0 0 0 0 1
0 1 0 1 0 0 1 1
1 1 1 1 0 1 1 1
1 1 1 1 0 1 0 1
1 1 0 0 0 0 1 1
1 1 1 1 1 0 1 1
1 1 1 1 0 1 1 1
0 1 1 1 0 1 0 1
1 1 1 1 1 0 1 1
1 1 1 0 0 0 1 1
0 0 0 1 1 1 0 0
0 1 1 1 0 1 1 1
0 1 1 0 0 0 1 1
0 1 0 0 1 0 0 1
1 0 1 1 0 1 1 1
1 1 1 1 0 0 1 1
0 1 0 1 1 1 0 1
0 0 0 1 0 0 0 1
1 1 1 1 0 1 1 1
0 1 1 1 1 1 1 1
1 1 0 1 1 0 1 1
1 1 0 1 1 0 1 1
1 1 1 1 1 1 1 1
0 1 0 1 0 1 0 1
0 1 0 1 0 1 1 1
1 1 1 1 1 0 0 1
1 0 1 1 1 1 1 1
0 1 1 1 0 0 0 1
1 1 1 1 1 0 1 1
1 0 1 1 1 1 1 0
1 0 0 1 1 1 0 1
1 1 1 1 0 1 1 1
1 1 1 0 0 0 1 1
1 1 1 1 1 1 1 1
0 0 1 0 0 0 1 1
1 0 1 1 0 0 1 1
1 1 1 0 1 0 1 1
0 1 1 1 0 0 1 1
0 1 1 1 0 0 1 1
1 0 1 1 0 1 0 1
1 1 0 1 0 0 0 1
0 1 1 1 0 0 1 1
0 1 1 0 0 0 0 1
1 0 1 1 0 1 0 1
1 1 0 0 0 0 1 1
0 1 0 1 1 0 1 0
0 0 1 1 1 1 1 0
0 1 0 1 1 0 1 0
0 0 1 1 0 1 1 1
0 1 0 1 1 0 1 1
1 1 1 1 0 1 1 1
1 0 1 1 1 1 1 0
1 1 1 1 0 1 1 1
1 0 0 1 1 1 1 0
1 1 1 1 1 0 1 1
0 1 1 0 0 0 0 1
1 1 0 1 0 1 1 1
0 0 0 1 0 1 1 1
1 0 0 1 1 1 1 0
0 1 1 1 1 0 0 0
0 1 1 1 0 0 1 1
0 1 1 0 0 0 1 1
1 1 1 1 0 1 1 1
0 1 0 0 1 1 1 1
0 1 1 0 0 0 1 1
0 1 0 1 0 1 0 1
1 1 1 1 1 1 1 1
1 0 1 1 0 0 1 0
0 1 1 1 0 1 0 1
0 1 1 1 0 0 1 1
1 0 1 1 0 1 0 1
1 1 1 1 0 1 1 1
1 0 1 1 0 1 1 1
1 1 1 0 0 0 0 1
1 0 1 1 1 0 1 1
1 1 0 1 0 1 0 1
0 1 0 1 0 0 1 1
1 0 0 1 0 1 0 1
1 1 1 0 0 0 1 1
1 1 1 1 0 1 1 1
1 1 1 1 0 1 1 1
1 1 1 1 0 1 0 1
0 1 1 1 0 1 0 1
0 1 1 0 0 0 1 1
1 1 1 1 0 1 1 1
1 1 1 1 0 0 1 1
1 1 1 1 0 1 0 1
1 1 1 0 0 0 1 1
1 0 1 0 1 1 1 1
1 1 0 0 1 0 1 1
1 0 0 1 1 1 1 0
0 1 0 1 1 1 1 1
0 1 0 1 0 1 1 1
1 1 1 1 0 1 1 1
1 1 1 1 1 1 1 1
0 1 0 1 0 0 0 1
1 1 1 1 0 1 1 1
1 0 0 1 1 1 0 0
0 1 1 1 1 0 1 0
1 0 0 0 1 0 1 0
0 1 0 1 0 1 1 1
1 1 1 1 0 1 1 1
1 1 1 1 0 0 1 1
0 0 0 1 1 0 1 0
1 1 0 1 0 0 1 1
1 1 1 1 0 1 0 1
1 1 1 1 0 0 1 1
0 0 1 1 0 0 1 1
1 1 1 1 0 0 1 1
1 0 0 1 1 1 1 0
1 1 1 1 1 1 1 1
0 1 1 0 0 0 0 1
0 1 1 1 0 0 0 1
1 1 1 0 0 0 1 1
0 1 1 1 0 0 1 1
0 1 0 1 1 1 0 1
0 1 1 0 0 0 1 1
0 0 0 1 0 0 0 0
0 1 1 1 1 1 1 1
1 1 0 1 0 0 0 1
0 1 1 1 0 0 0 1
1 0 1 1 0 1 1 1
1 1 0 1 1 0 0 1
1 1 1 1 1 0 1 0
1 1 1 1 0 0 1 1
0 1 0 1 0 0 1 1
1 1 1 0 0 0 0 1
0 0 1 0 1 0 1 0
0 1 0 1 0 0 0 1
1 1 0 1 0 1 0 1
1 1 1 0 0 1 1 1
1 0 1 1 1 1 1 0
0 1 1 1 0 0 1 1
0 0 0 1 0 1 1 1
0 1 0 1 1 0 1 0
0 1 1 1 1 0 1 1
0 0 1 1 1 0 0 1
0 0 0 1 0 1 1 1
0 1 0 1 0 0 0 1
1 1 0 1 0 0 0 1
0 1 1 1 0 0 0 1
0 1 1 1 0 0 1 1
1 1 0 1 1 0 1 0
1 1 0 1 0 1 1 1
1 0 1 1 1 1 1 1
0 1 1 1 0 1 1 1
1 1 0 1 1 0 0 1
1 0 1 1 1 1 1 1
0 0 1 0 0 0 1 1
0 0 0 1 0 1 1 1
1 1 1 0 0 0 0 1
0 1 0 1 0 1 1 1
0 1 1 1 0 0 1 1
0 0 1 1 1 1 1 0
1 1 1 1 0 1 1 1
0 1 1 1 1 1 1 1
0 1 0 1 0 0 1 1
1 1 1 1 0 0 1 1
0 1 1 1 0 1 1 1
1 0 0 1 1 0 0 0
0 1 1 0 0 0 0 1
0 1 0 1 0 1 1 1
0 1 0 1 1 1 1 1
0 0 0 1 0 1 0 1
0 0 0 1 1 1 1 0
1 0 1 0 1 1 1 1
1 0 0 1 0 1 1 1
1 0 1 0 1 0 1 0
0 1 1 1 0 1 0 1
1 1 0 1 0 0 0 1
0 1 0 1 0 1 1 1
1 1 1 0 0 0 1 1
1 1 1 1 0 1 1 1
1 0 0 1 0 1 0 1
0 0 1 0 0 0 0 1
0 1 1 0 0 0 0 1
0 1 0 1 0 0 1 1
0 1 1 0 0 0 1 1
1 1 1 1 0 0 1 1
1 1 0 1 1 1 1 1
1 1 0 1 0 1 1 1
0 1 1 1 0 1 0 1
1 1 1 1 0 1 1 1
0 1 0 1 0 1 1 1
0 1 1 0 1 0 1 1
1 1 1 0 1 0 1 1
1 1 1 1 1 1 1 1
1 1 0 0 0 0 0 1
1 1 1 1 1 0 1 1
0 0 1 1 1 0 1 0
1 1 1 1 0 1 1 1
0 1 1 0 0 0 1 1
1 1 0 1 1 1 1 1
0 1 0 1 0 1 1 1
0 0 0 1 1 0 1 0
1 1 1 1 0 1 0 1
0 0 1 1 0 0 0 1
1 1 1 1 0 1 0 1
0 0 1 1 1 1 1 0
0 1 0 1 0 1 1 1
0 1 1 1 0 0 1 1
1 0 0 1 0 1 0 0
0 1 1 1 0 1 0 1
1 1 1 1 1 1 0 1
0 1 0 1 1 1 0 1
1 1 1 1 0 0 1 1
1 1 0 1 1 0 1 1
1 1 1 1 0 1 1 1
0 1 0 0 0 0 0 1
0 0 1 1 1 1 1 1
0 1 1 1 0 1 1 1
1 0 0 1 0 1 0 0
1 1 1 1 0 1 1 1
1 1 1 1 1 0 0 1
1 1 0 0 1 0 1 1
0 1 1 0 1 0 1 1
1 1 1 1 0 0 1 1
1 1 0 1 0 0 1 1
0 1 0 0 0 0 1 1
1 0 0 1 0 0 0 0
0 1 1 1 0 1 1 1
1 0 0 1 1 1 1 0
1 1 1 1 0 1 1 1
0 0 0 1 0 0 1 1
0 1 0 1 1 0 0 1
0 0 1 1 0 1 1 1
1 1 1 0 0 0 1 1
1 1 0 1 0 0 1 1
0 0 0 1 0 1 1 1
1 1 0 1 0 0 0 1
0 1 1 0 0 0 1 1
1 1 1 1 0 1 0 1
1 1 1 1 1 0 1 1
1 1 1 1 0 1 1 1
0 1 1 1 0 1 0 1
1 1 1 0 0 1 0 1
0 0 1 1 1 0 1 1
1 1 0 0 0 0 1 1
0 1 1 1 0 1 1 1
1 1 0 0 0 0 1 1
0 0 1 1 0 0 1 1
0 0 1 1 0 1 1 1
1 1 1 0 0 1 1 1
1 0 0 1 1 1 1 0
1 0 0 1 1 1 1 0
0 1 1 0 0 0 1 1
1 1 1 1 0 1 1 1
0 1 1 1 1 0 1 1
1 1 0 1 0 0 1 1
1 0 0 0 0 0 0 1
1 1 1 1 1 0 0 1
0 1 1 1 0 1 1 1
0 1 1 1 0 0 1 1
1 1 1 1 1 1 1 1
0 1 1 0 1 0 1 1
1 1 0 1 0 0 0 1
1 0 1 0 1 0 1 0
1 1 1 1 1 0 1 0
1 1 1 0 0 0 1 1
0 1 1 1 1 0 1 1
0 1 1 1 0 0 0 1
0 1 1 0 0 0 0 1
1 0 1 1 0 1 0 1
1 1 1 0 0 1 1 1
1 1 1 1 0 0 1 1
1 1 0 0 0 0 0 1
0 1 1 1 0 0 0 1
0 1 1 1 0 0 1 1
1 1 1 1 0 0 0 1
0 1 1 0 1 1 1 1
0 1 0 1 1 0 1 1
1 1 1 0 1 0 1 1
0 1 1 1 0 1 0 1
0 1 1 1 1 1 1 1
0 0 0 1 1 1 1 0
1 1 1 1 0 1 0 1
0 1 1 1 1 1 1 1
0 1 0 1 0 1 0 1
1 1 0 1 0 1 0 1
1 1 1 1 0 1 1 1
1 0 1 1 0 1 1 1
0 1 0 1 0 0 1 1
0 1 0 1 1 0 1 0
1 0 1 1 0 1 1 1
0 0 1 1 1 0 1 0
0 1 1 0 0 1 1 1
1 1 1 0 1 0 0 1
1 1 1 1 0 0 0 1
0 0 1 1 1 0 1 1
1 1 1 1 0 0 1 1
0 0 0 1 0 0 1 1
1 1 1 1 0 1 0 1
1 1 1 1 0 1 1 1
0 1 1 1 0 1 0 1
0 1 1 1 1 0 1 1
0 0 0 1 1 1 1 0
1 1 0 1 0 1 1 1
1 1 0 0 0 1 0 1
1 1 0 1 0 0 1 1
1 1 1 0 0 0 1 1
1 0 0 1 0 1 1 1
1 1 1 0 0 0 1 1
1 1 1 1 0 1 1 1
1 0 1 1 0 1 1 1
1 0 1 1 0 1 1 1
1 1 0 0 0 0 1 1
1 1 0 1 1 1 0 1
1 1 1 0 0 0 1 1
0 1 0 1 1 1 1 1
1 1 1 1 1 1 1 1
1 0 0 1 1 1 1 0
0 1 0 0 0 0 0 1
1 1 0 1 1 1 1 1
1 1 1 1 0 1 1 1
0 1 1 1 1 0 1 1
0 1 1 0 0 0 1 1
0 0 0 1 1 1 1 0
1 1 1 1 0 0 1 1
0 1 0 0 0 0 1 1
1 1 1 1 0 0 1 1
1 1 1 1 0 1 1 1
0 1 1 0 0 0 1 1
1 1 1 1 0 0 1 1
0 1 1 1 0 0 0 1
1 1 1 1 0 1 1 1
0 1 1 1 0 0 1 1
0 1 0 1 0 0 1 1
0 1 0 1 0 1 0 1
1 1 0 1 0 0 1 1
0 0 0 1 1 0 0 0
1 1 1 1 1 0 1 1
0 1 1 1 0 0 0 1
1 1 1 1 0 1 1 1
0 0 0 0 1 0 1 0
0 1 1 0 0 0 1 1
1 1 1 1 0 1 1 1
0 1 1 1 0 1 1 1
1 1 1 1 1 0 1 1
1 1 1 1 0 1 1 1
1 1 0 1 1 1 1 0
0 0 0 1 0 1 0 1
0 0 0 1 1 1 1 0
1 1 0 1 0 1 0 1
1 0 0 1 0 1 1 0
0 0 1 1 1 0 1 0
0 0 1 1 0 0 1 1
1 1 1 1 0 0 1 1
1 1 1 1 0 0 1 1
1 1 0 1 0 0 0 1
0 1 1 1 0 1 1 1
1 1 0 1 0 1 1 1
0 0 0 1 0 1 1 1
0 1 1 1 0 0 1 1
0 1 1 1 0 1 1 1
0 1 1 1 1 0 1 1
0 0 0 1 0 1 1 1
0 0 1 1 0 1 0 1
1 1 1 1 0 1 0 1
1 1 1 0 0 1 0 1
1 0 1 1 0 1 1 1
1 1 0 1 0 1 1 1
0 1 1 1 0 0 1 1
1 1 0 1 0 0 1 1
1 0 0 1 0 1 0 1
0 1 0 1 0 1 0 1
0 1 0 1 0 0 0 1
0 1 1 1 1 0 0 1
1 1 1 1 0 1 0 1
1 1 1 1 1 1 1 1
1 1 1 1 1 0 1 1
1 1 1 1 0 0 0 1
1 1 1 1 1 0 1 1
0 1 1 1 1 1 1 1
1 0 1 0 1 0 0 1
1 1 1 1 0 0 0 1
0 0 1 0 0 0 0 1
0 1 1 1 0 1 1 1
1 0 1 0 1 0 1 0
0 1 1 1 0 0 1 1
0 0 0 0 1 0 1 0
0 1 0 0 1 0 1 1
1 1 1 1 0 0 1 1
1 1 1 0 0 0 1 1
1 1 1 1 0 0 1 1
1 1 1 1 0 1 1 1
1 1 1 0 0 1 1 1
1 1 1 1 0 0 1 1
1 1 1 1 1 1 1 1
1 1 1 1 0 1 1 1
0 1 1 1 0 1 1 1
0 1 0 1 1 0 1 1
1 1 1 1 0 0 0 1
0 1 0 0 0 0 0 1
1 1 1 1 0 0 1 1
1 1 1 0 0 0 0 1
0 1 0 1 0 0 1 0
1 1 1 1 0 1 1 1
0 1 1 0 0 0 0 1
1 0 1 0 0 0 0 1
1 1 1 1 0 1 1 1
1 1 1 1 0 1 1 1
1 1 1 1 0 1 1 1
0 1 1 1 0 1 1 1
0 1 1 0 0 0 1 1
0 0 0 1 1 0 1 0
0 1 0 1 1 1 0 1
0 0 1 1 0 1 1 1
0 1 1 1 0 1 1 1
1 1 1 0 0 0 1 1
0 1 1 1 0 0 1 1
1 0 1 1 0 1 1 1
1 1 1 1 0 0 1 1
1 1 0 1 0 0 1 1
1 1 1 1 0 1 1 1
1 1 0 1 0 1 0 1
1 1 1 0 1 0 1 1
1 1 1 1 0 0 1 1
0 1 0 1 0 0 1 1
1 1 0 1 0 0 1 1
0 0 1 0 0 0 1 1
0 0 1 1 1 0 0 1
0 1 1 0 0 0 0 1
0 1 0 1 1 1 1 1
1 0 0 1 0 1 0 1
0 1 1 1 0 0 0 1
0 1 1 1 0 1 1 1
1 1 1 1 0 0 1 1
0 1 0 1 1 0 1 1
0 1 0 1 0 0 0 1
0 0 1 0 1 0 1 1
1 1 1 1 0 0 1 1
0 1 0 1 0 0 0 1
1 1 1 0 1 0 1 1
1 0 0 1 1 0 1 0
0 1 1 0 0 0 0 1
0 1 0 1 1 0 1 1
1 0 0 1 1 1 1 0
1 0 0 1 1 1 1 1
1 1 1 1 0 1 0 1
0 1 1 1 0 0 0 1
0 1 1 1 1 0 1 1
0 1 1 1 1 0 1 1
0 1 1 0 0 0 1 1
0 1 1 1 0 0 1 1
1 1 1 1 0 1 1 1
1 1 0 1 1 0 1 1
1 1 0 1 0 1 0 1
1 0 1 1 0 1 1 1
0 0 1 1 0 0 1 1
0 0 1 0 1 0 1 1
1 0 0 1 0 1 0 0
0 0 1 1 1 0 1 0
0 1 0 0 0 0 0 1
0 1 1 1 0 0 0 1
0 1 1 1 0 1 0 1
0 1 1 1 0 1 0 1
1 1 0 1 0 1 1 1
0 0 1 1 1 1 0 1
0 1 1 1 0 0 1 1
0 1 1 0 0 0 1 1
1 0 1 1 0 1 1 1
1 1 0 1 0 1 0 1
1 1 0 1 0 0 0 1
1 1 1 1 0 0 1 1
0 0 0 1 0 0 0 1
0 1 1 1 1 0 1 1
1 0 0 1 1 0 1 0
1 1 1 0 0 0 1 1
0 0 0 1 1 1 0 0
1 1 1 1 1 1 1 1
0 1 1 0 1 0 1 1
1 1 0 0 1 0 1 1
0 1 1 0 0 0 0 1
1 1 0 1 1 1 1 1
1 0 1 1 0 1 0 1
1 0 0 1 1 1 1 0
1 1 1 1 0 1 1 1
0 1 1 1 1 0 1 1
0 0 1 1 0 0 1 1
1 0 1 1 0 1 1 1
1 1 1 1 0 1 1 1
1 1 1 1 0 1 1 1
1 1 1 1 1 1 1 1
1 1 1 1 0 0 1 1
1 1 1 1 0 0 1 1
1 1 1 1 0 0 1 1
0 1 0 1 1 0 1 1
1 1 1 1 0 1 1 1
0 1 1 1 0 1 1 1
1 1 1 1 0 1 1 1
1 1 1 1 0 0 1 1
0 0 1 1 0 0 0 0
0 0 1 1 1 0 1 0
1 1 1 1 0 1 0 1
0 1 1 1 0 1 1 1
1 1 0 1 1 1 1 0
0 1 1 1 0 0 1 1
1 0 0 0 1 0 0 0
1 1 1 1 0 1 1 1
1 1 1 1 0 0 1 1
1 1 1 1 1 0 1 1
0 0 1 1 0 1 1 1
1 1 0 0 0 0 0 1
1 1 1 1 1 0 0 1
0 1 0 1 0 0 1 1
0 0 1 1 1 1 1 0
1 0 1 1 0 1 1 1
0 1 0 1 0 0 0 1
0 1 0 1 0 0 0 1
1 1 1 1 0 1 0 1
0 1 1 1 0 0 0 1
0 1 1 1 0 0 1 1
1 0 0 1 0 1 1 1
1 1 0 1 1 1 1 1
0 0 0 1 0 1 0 1
1 1 1 0 0 1 0 1
0 0 1 1 1 0 1 0
0 1 1 1 0 0 0 1
0 1 0 1 0 1 0 1
1 0 1 1 0 1 1 1
1 0 0 1 1 1 0 0
1 1 1 1 0 1 1 1
1 1 1 1 0 1 0 1
1 0 1 1 0 0 1 1
1 1 1 1 1 1 1 1
0 1 0 0 1 0 1 1
1 1 0 1 0 1 1 1
0 1 1 1 0 1 1 1
0 1 1 1 0 0 1 1
1 0 1 1 0 1 1 1
1 1 1 1 1 1 1 1
1 0 0 1 0 1 1 0
1 1 0 0 1 0 1 1
1 1 1 1 0 0 1 1
0 1 1 1 0 1 0 1
1 1 0 0 0 0 0 1
0 1 0 1 0 0 0 1
1 1 1 1 1 1 1 1
1 1 1 0 0 0 0 1
0 1 1 0 0 0 1 1
1 1 1 1 1 1 1 1
1 0 0 1 1 1 1 0
0 0 1 1 1 1 1 1
0 1 1 0 0 0 1 1
1 1 0 0 0 0 0 1
0 1 1 0 0 0 0 1
0 1 0 1 0 1 1 1
1 0 0 1 0 1 0 1
0 1 1 0 1 0 1 0
1 1 1 1 0 1 0 1
0 1 1 0 0 0 0 1
0 1 0 0 1 0 1 1
0 1 1 1 0 1 0 1
1 1 1 1 0 1 0 1
1 0 0 1 1 1 0 0
1 1 1 1 1 0 1 1
1 1 1 1 0 1 1 1
0 1 1 0 0 0 1 1
0 1 1 0 0 0 1 1
0 1 1 0 1 0 1 1
1 1 1 1 1 1 1 1
1 1 0 1 1 1 0 1
1 0 0 1 1 1 1 1
1 1 1 1 1 1 1 1
1 0 0 1 1 0 1 0
0 1 0 1 0 0 0 1
1 0 0 1 1 0 1 0
0 1 0 1 0 0 1 1
1 1 1 1 0 1 1 1
0 1 0 1 0 1 0 1
0 1 1 1 0 0 1 1
0 0 1 1 0 1 1 1
1 0 1 0 0 1 0 1
0 1 1 1 1 0 1 1
0 1 1 1 0 1 0 1
0 1 1 1 0 1 0 1
0 1 1 1 0 0 0 1
1 1 1 0 0 1 0 1
1 0 1 1 0 1 1 1
0 1 0 1 0 0 0 1
1 0 1 1 0 1 1 1
0 1 0 1 1 1 1 1
0 1 1 0 0 0 1 1
1 1 1 1 1 0 1 1
1 1 1 1 0 0 1 1
0 1 1 0 0 0 1 1
1 1 0 1 0 1 0 1
1 1 1 1 0 1 1 1
0 1 1 1 0 1 1 1
1 0 1 1 0 0 1 1
0 1 1 1 0 0 1 1
0 1 1 0 1 0 1 1
1 0 1 1 1 1 1 1
0 1 1 1 0 0 1 1
0 0 0 1 0 1 1 1
1 1 0 1 1 1 1 0
0 1 0 1 1 0 1 1
1 0 1 0 1 1 1 0
1 0 1 1 0 0 0 1
1 0 0 1 0 1 0 1
1 1 1 1 0 1 0 1
0 1 1 1 0 0 1 1
0 0 0 1 0 0 1 0
1 1 1 1 0 1 0 1
0 1 1 1 0 0 1 1
1 0 0 1 1 1 1 0
1 1 1 1 1 1 1 1
1 1 1 1 0 0 0 1
1 0 0 1 1 1 1 1
0 1 0 0 1 0 0 1
1 0 0 1 0 1 1 1
1 1 1 0 1 0 1 1
0 1 0 1 0 1 0 1
0 0 0 1 1 1 1 0
0 1 0 1 0 0 1 1
1 0 1 1 0 1 0 1
1 1 1 0 1 1 0 1
0 1 1 0 0 0 0 1
0 1 0 1 0 1 1 1
1 1 1 1 0 1 1 1
0 1 0 0 0 0 0 1
0 0 0 0 1 0 1 0
0 1 1 1 0 1 1 1
1 1 0 1 0 0 1 1
1 1 1 1 0 1 1 1
0 1 0 1 0 1 1 1
0 1 0 1 1 0 1 1
0 1 0 1 0 1 1 1
0 1 1 0 0 0 1 1
1 1 0 1 1 0 1 1
0 1 0 1 1 1 0 1
1 1 1 0 0 1 1 1
0 1 0 1 1 0 0 1
1 0 1 1 0 1 1 1
1 1 1 1 0 1 0 1
0 1 1 1 0 1 1 1
1 0 1 1 1 0 1 0
0 1 1 0 0 0 1 1
0 1 1 0 0 0 0 1
1 0 1 1 1 1 1 0
0 1 1 1 0 0 0 1
1 1 1 0 0 0 1 1
0 1 0 1 0 1 1 1
0 1 1 0 0 0 1 1
0 1 1 0 1 0 1 1
0 1 0 0 1 0 0 0
1 0 0 1 0 0 1 0
0 1 0 1 0 0 1 1
1 0 0 1 0 1 0 1
0 0 0 1 0 0 1 1
0 1 0 1 1 0 1 1
1 0 0 1 1 1 0 0
0 1 1 1 1 1 1 1
1 1 1 1 0 1 1 1
1 1 0 1 0 0 0 1
0 1 1 1 0 0 0 1
0 1 0 1 0 0 1 1
1 1 1 1 0 1 0 1
1 1 1 1 0 1 0 1
1 1 1 1 0 0 1 1
0 0 1 1 0 0 1 1
0 1 0 1 0 1 0 1
1 1 1 1 0 1 0 1
1 0 1 1 1 1 1 0
0 1 0 0 0 0 0 1
0 0 0 1 1 0 1 0
1 1 1 1 0 0 1 1
1 1 1 1 0 1 1 1
1 1 1 1 0 0 0 1
1 0 1 1 1 1 1 0
1 1 1 1 0 1 1 1
1 0 1 1 0 1 1 1
1 1 1 1 0 0 1 1
1 0 0 1 1 1 1 0
1 1 0 1 1 0 1 1
0 1 1 1 0 0 1 1
0 1 0 0 0 0 0 1
1 1 1 1 0 1 0 1
0 1 1 1 0 1 1 1
1 1 0 1 0 1 1 0
0 1 1 1 0 0 1 1
0 1 0 1 0 0 0 1
0 1 1 0 1 0 1 1
1 0 1 1 0 1 1 1
1 1 0 0 0 0 1 1
0 1 1 0 1 0 1 1
1 0 1 1 0 1 1 1
0 1 1 1 0 1 1 1
0 0 1 1 0 0 0 1
0 1 1 1 0 1 1 1
1 1 0 1 0 1 0 1
0 0 1 1 0 1 1 1
1 1 0 0 0 0 0 1
0 1 0 1 1 1 1 1
0 0 0 1 1 1 1 0
1 1 0 0 0 0 1 1
0 1 0 0 1 0 1 1
1 1 1 1 0 1 0 1
0 1 1 0 1 0 1 1
1 1 0 1 0 1 0 1
1 1 0 1 0 1 1 1
0 0 0 1 1 1 0 0
1 1 1 1 0 0 1 1
1 1 1 1 0 1 1 1
1 1 1 1 0 1 1 1
1 1 0 1 1 0 0 1
1 1 1 1 1 1 1 1
0 0 1 1 1 0 1 1
0 1 1 0 0 0 1 1
0 1 1 1 1 0 1 1
1 1 1 1 0 1 1 1
1 1 1 1 1 1 1 1
0 1 1 1 0 0 1 1
0 0 1 1 0 1 1 1
1 0 1 1 1 1 1 0
0 0 1 1 0 1 1 1
0 0 1 1 1 1 1 1
0 0 1 1 1 0 1 0
1 1 0 0 0 0 1 1
1 1 0 0 0 1 0 1
0 0 1 0 0 0 1 0
0 1 1 0 1 0 1 1
1 1 0 0 0 0 1 1
0 1 1 0 0 0 0 1
1 1 0 1 0 1 1 1
0 0 1 0 1 0 1 0
1 0 1 1 1 1 1 0
1 1 0 1 0 1 1 1
0 0 1 1 1 0 1 0
0 1 1 1 0 1 1 0
0 1 1 0 1 1 1 1
0 1 0 1 1 0 1 1
1 1 1 1 0 1 0 1
0 0 1 1 0 0 1 1
0 1 0 1 1 0 1 1
1 1 1 0 0 0 1 1
0 1 1 1 0 1 1 1
1 1 1 1 1 1 1 1
1 0 0 1 0 1 1 0
1 0 1 1 0 1 1 1
1 0 0 1 1 1 1 0
1 1 1 1 1 1 1 1
1 1 1 1 0 0 1 1
0 1 0 1 0 1 1 1
0 1 0 0 0 0 1 1
1 0 0 1 0 1 1 1
0 1 1 1 0 1 1 1
1 1 1 1 0 0 1 1
0 0 0 0 1 0 1 0
0 1 1 0 1 0 1 1
1 1 0 1 0 1 0 1
1 1 1 1 1 0 1 1
1 1 1 1 0 1 0 1
0 1 1 1 0 1 1 1
1 0 0 1 0 1 0 1
0 1 1 1 1 0 1 1
1 1 1 1 0 1 1 1
1 0 1 1 0 1 1 1
1 1 1 1 1 1 1 1
1 1 1 1 0 1 0 1
1 1 1 1 0 0 1 1
0 0 0 0 0 0 0 1
1 1 1 0 1 1 1 1
0 0 0 1 0 1 1 0
1 1 1 1 1 1 1 1
0 1 1 1 0 0 0 1
0 1 1 1 0 1 0 1
1 1 1 0 0 0 1 1
0 1 0 1 0 0 0 1
0 1 1 1 1 0 1 1
0 1 1 1 1 1 1 1
0 1 1 1 0 1 1 1
0 0 0 1 0 0 1 0
1 1 1 1 0 0 1 1
1 0 1 1 1 1 1 0
0 0 0 1 0 0 0 0
0 0 1 1 1 1 1 1
0 1 0 1 0 0 0 1
1 0 0 1 0 1 1 0
0 1 1 0 0 0 1 1
1 0 0 1 0 1 0 1
0 1 1 1 0 0 1 1
0 1 0 1 0 1 1 1
0 0 0 1 1 1 0 0
0 0 1 1 0 1 0 1
1 1 0 1 0 0 1 1
0 1 0 1 0 0 1 1
1 1 1 0 0 0 1 1
0 1 1 1 0 1 1 1
1 0 0 1 1 1 1 0
1 0 1 1 1 1 1 0
0 1 0 1 0 0 1 1
1 0 0 1 0 1 0 0
0 0 1 1 0 0 1 1
1 1 1 0 0 0 1 1
1 1 0 1 0 0 0 1
1 0 0 1 0 0 1 1
1 0 0 1 0 1 1 0
0 1 0 0 0 0 0 1
1 1 0 1 1 1 1 1
0 0 1 1 0 0 1 1
1 1 1 1 0 0 1 1
1 1 1 1 0 1 0 1
0 1 0 1 1 0 1 1
0 1 1 1 0 0 1 1
1 1 1 1 0 0 1 1
1 1 1 0 1 0 1 1
0 1 1 1 1 0 1 1
0 0 1 1 0 0 1 1
0 1 1 1 0 0 1 1
1 1 1 1 0 1 1 1
1 1 1 0 0 0 0 1
1 1 1 1 0 0 1 1
1 0 0 1 0 1 1 1
0 0 0 0 0 0 0 0
1 1 1 1 0 1 0 1
0 1 1 1 0 1 0 1
0 1 1 1 1 0 1 0
1 1 1 1 0 1 0 1
0 1 0 1 0 1 0 1
0 0 1 1 0 1 0 1
1 1 1 1 0 1 1 1
1 1 1 1 0 1 0 1
0 1 1 1 1 1 1 1
0 1 1 1 0 0 1 1
1 1 1 1 0 0 1 1
0 1 1 1 0 0 1 1
0 1 1 1 0 0 1 1
0 1 1 1 0 0 1 1
0 1 1 1 1 0 1 1
1 0 1 1 0 1 0 1
1 1 0 0 0 0 1 1
0 1 1 1 0 1 1 1
1 1 1 0 1 0 1 1
0 1 0 1 0 0 0 1
0 1 1 1 0 0 1 1
0 1 0 1 0 0 1 1
0 1 0 1 1 0 1 1
1 1 0 1 0 1 1 1
0 1 1 1 0 0 1 1
1 1 1 1 1 0 1 1
1 1 0 1 0 1 1 1
1 0 0 1 1 1 0 0
0 0 0 0 1 0 1 0
1 0 1 1 1 1 1 0
0 0 1 1 1 0 1 1
0 1 0 1 0 0 0 1
1 1 1 1 0 0 1 1
0 1 1 1 0 1 1 1
0 1 0 1 1 0 1 1
0 0 1 1 0 1 1 1
1 1 1 0 0 0 0 1
1 1 1 1 1 1 1 1
1 1 1 0 1 0 1 1
0 1 1 1 0 1 1 1
0 0 1 1 0 0 0 1
1 1 1 1 1 1 1 1
1 1 1 0 1 0 1 1
1 1 0 1 0 0 0 1
0 0 0 1 1 0 1 0
0 1 1 1 0 0 1 1
0 1 1 0 0 0 1 1
1 1 1 0 0 1 0 1
1 1 1 1 0 1 1 1
1 0 1 1 0 1 1 1
1 1 0 1 0 1 1 1
0 1 0 1 1 1 1 1
0 1 1 1 1 0 1 1
1 0 1 1 0 0 1 1
0 0 1 1 1 1 0 1
0 0 1 1 0 1 1 1
0 1 1 1 1 0 1 1
1 1 1 1 1 1 1 1
0 0 1 0 0 0 1 1
1 1 0 1 0 1 0 1
1 1 0 1 1 0 0 1
1 0 1 0 1 0 1 1
1 1 1 1 0 0 1 1
1 1 0 1 0 0 1 1
1 1 1 1 0 1 1 1
1 1 1 1 1 1 1 1
1 1 0 0 0 1 1 1
1 0 1 1 0 1 1 0
1 1 1 1 1 1 1 1
0 0 0 1 1 0 1 0
0 1 0 1 0 0 0 1
0 1 1 1 1 0 1 1
1 1 1 1 0 0 1 1
1 0 1 1 0 1 1 1
1 1 1 1 0 1 1 1
1 0 0 1 0 1 1 0
0 1 1 1 1 0 1 1
0 1 0 1 0 0 1 1
0 1 1 1 0 0 1 1
1 1 0 1 0 0 1 1
0 1 1 0 1 0 1 1
1 1 0 1 0 0 0 1
0 1 0 1 0 0 1 1
0 1 1 0 1 0 1 1
1 0 1 1 0 1 1 1
1 1 1 0 0 0 0 1
1 1 1 0 1 1 1 1
0 1 1 1 0 0 1 1
0 0 1 1 0 0 1 0
1 0 0 0 1 1 1 1
0 0 1 1 1 1 1 0
0 1 1 1 0 0 1 1
1 1 1 1 0 1 1 1
0 1 1 1 1 1 1 1
1 0 1 1 0 1 1 1
1 0 0 1 1 0 1 0
1 1 0 0 0 0 1 1
1 1 1 1 1 1 0 1
0 1 0 1 0 1 0 1
1 1 0 0 0 0 0 1
1 0 0 1 1 1 0 0
0 1 0 1 0 0 1 1
1 1 1 1 0 1 1 1
1 0 1 0 0 1 1 1
1 0 1 1 0 1 1 1
0 1 1 0 0 0 1 1
0 0 0 1 0 1 0 1
0 1 0 1 0 0 0 1
0 1 1 1 0 1 1 1
0 1 0 1 0 0 0 1
1 0 0 1 0 1 1 0
1 1 0 1 1 1 0 1
0 1 1 1 0 0 1 1
1 0 1 1 0 1 1 1
1 1 1 0 1 0 1 1
0 1 0 1 0 0 0 1
1 1 0 1 0 1 0 1
1 0 0 1 0 0 1 0
1 1 0 1 0 0 1 1
1 1 1 1 0 0 1 1
1 1 1 1 1 0 0 1
1 1 0 0 0 0 1 1
1 1 0 0 1 0 1 0
1 1 1 1 0 0 1 1
1 0 1 1 1 0 1 0
1 1 0 1 0 1 0 1
0 1 1 1 0 0 0 1
0 1 1 1 0 0 1 1
0 0 1 1 1 0 1 0
0 1 1 1 0 1 1 1
1 1 1 1 0 0 1 1
0 1 1 0 0 0 1 1
0 1 0 1 0 1 1 1
0 0 0 1 0 1 1 1
1 1 0 0 0 0 1 1
1 1 1 1 0 1 0 1
1 1 1 1 1 1 1 1
1 1 1 0 0 0 1 1
0 1 1 1 0 0 1 1
0 1 1 1 0 0 1 1
1 1 0 1 1 1 1 1
1 1 1 0 1 0 0 1
1 0 1 1 1 0 1 1
0 0 1 0 1 0 1 0
0 1 0 0 0 0 0 1
1 1 1 1 0 0 1 1
0 1 1 1 0 0 1 1
1 1 1 0 1 0 1 1
0 1 1 1 1 0 1 1
1 1 0 1 1 0 0 1
0 1 0 1 0 0 0 1
0 1 0 1 1 1 1 1
0 1 1 1 1 1 1 1
1 1 0 0 1 1 0 1
0 0 1 1 1 1 0 0
0 1 0 1 1 1 1 0
0 1 1 1 0 0 1 1
0 1 1 1 1 0 1 1
1 1 1 1 0 0 1 1
1 1 1 1 0 1 1 1
1 1 1 1 0 0 1 1
0 1 1 1 0 1 1 1
0 1 1 1 0 0 1 1
1 1 1 1 0 0 1 1
0 1 1 1 0 0 0 1
0 1 0 1 1 0 0 1
0 1 0 1 1 0 1 1
1 1 1 0 0 0 1 1
0 0 0 0 0 1 0 1
1 1 1 1 1 1 1 1
1 1 0 1 0 1 1 1
1 1 1 0 1 1 1 1
1 1 1 0 0 0 1 1
0 1 1 1 1 0 1 1
1 1 0 1 0 1 1 1
1 0 1 1 0 1 1 1
1 1 0 1 1 1 0 1
1 1 1 0 0 1 1 1
0 1 1 1 0 1 0 1
0 1 1 1 0 1 1 1
0 1 1 1 1 1 1 1
1 1 1 1 0 0 1 1
1 1 1 1 1 0 1 1
0 1 1 1 0 1 1 1
1 0 1 0 1 1 1 0
0 1 1 1 0 0 1 1
0 0 0 1 1 0 1 0
1 1 1 1 1 1 1 1
1 1 0 1 0 1 1 1
0 0 0 0 0 0 0 1
1 1 1 1 1 1 0 1
1 1 1 0 0 1 0 1
1 1 0 1 0 0 1 1
1 1 0 1 0 0 1 1
0 1 1 1 0 0 1 1
1 1 1 0 0 0 1 1
1 1 0 1 1 0 0 0
1 1 1 1 0 0 1 1
0 1 1 1 1 1 1 1
1 1 1 1 0 0 0 1
0 0 0 1 1 1 0 0
0 0 0 0 1 0 1 1
1 1 1 0 1 0 1 0
1 1 1 1 0 0 0 1
1 1 1 0 0 0 1 1
1 1 1 1 0 0 1 1
1 1 0 1 0 0 1 1
0 1 1 0 0 0 1 1
1 1 1 1 0 0 1 1
0 1 1 1 0 0 1 1
0 1 1 0 1 0 0 1
0 1 1 1 0 1 1 1
0 0 0 0 0 1 0 1
0 0 1 1 1 1 1 1
1 1 1 1 1 1 1 1
0 1 1 1 0 0 1 1
0 0 1 1 0 0 1 1
1 1 1 1 0 1 1 1
1 1 1 1 0 1 1 1
1 1 0 0 0 0 1 1
1 1 1 1 0 0 0 1
1 0 1 1 0 1 1 1
0 1 1 1 1 0 1 1
0 0 0 1 1 1 0 0
1 0 0 1 1 1 1 1
0 0 1 1 1 1 1 1
0 0 1 1 1 1 1 0
1 0 0 1 0 1 0 0
0 1 1 1 0 1 1 1
1 1 1 1 1 0 1 1
0 1 1 0 0 0 1 1
0 1 0 1 0 0 1 1
0 1 1 0 1 0 1 1
1 0 1 1 0 0 0 1
0 0 1 1 0 1 1 1
0 0 1 1 1 0 1 1
0 0 1 1 0 0 1 1
1 1 1 1 1 0 1 1
1 1 0 1 0 1 0 1
1 0 0 1 1 1 1 0
1 1 0 1 0 1 0 1
1 1 0 1 1 1 1 1
1 0 1 1 0 0 1 0
1 1 0 0 0 0 0 1
0 0 1 1 1 1 1 1
0 1 0 1 1 0 1 0
1 1 0 1 0 1 1 1
0 1 0 1 0 0 0 1
1 1 1 1 0 1 1 1
1 0 1 1 0 0 1 1
1 1 0 1 1 0 1 1
0 1 1 1 0 0 1 1
0 0 1 1 0 1 0 1
0 0 0 1 0 1 0 0
1 1 1 1 1 1 1 1
1 1 1 1 0 1 1 1
1 1 0 1 0 1 0 1
0 0 0 0 1 0 1 0
0 0 0 0 0 0 1 0
1 1 1 1 0 1 0 1
0 1 0 1 0 1 1 1
0 1 1 0 1 0 1 1
0 1 1 1 0 0 1 1
1 1 1 1 0 1 0 1
0 1 1 1 0 0 1 1
1 1 0 1 0 1 0 1
1 1 1 1 1 0 1 1
1 1 0 1 1 0 1 0
1 0 0 1 1 1 1 1
0 1 0 1 1 1 0 1
0 0 0 1 1 0 1 0
0 1 0 1 0 1 1 1
0 1 1 1 0 0 1 1
0 1 1 1 0 1 1 1
0 1 1 1 0 0 1 1
0 1 1 0 0 0 1 1
1 1 1 0 1 1 1 1
1 0 1 1 0 1 1 1
0 1 0 1 0 1 1 1
0 1 0 0 0 0 0 1
0 1 0 1 0 0 1 1
1 1 1 1 1 1 1 1
0 1 1 1 0 1 1 1
0 1 1 0 0 0 1 1
0 1 1 1 0 0 1 1
1 1 0 1 0 1 0 1
0 1 1 1 0 0 1 1
0 0 0 0 1 0 1 1
0 0 1 1 0 1 1 1
1 1 1 1 0 1 1 1
0 1 1 0 0 0 1 1
1 1 1 1 0 1 0 1
0 1 1 0 0 0 0 1
0 1 0 1 1 1 1 1
1 0 1 1 1 1 0 1
1 1 1 0 1 0 1 1
1 1 1 1 0 0 1 1
1 1 1 1 1 1 1 1
1 1 0 0 0 0 0 1
0 1 1 0 0 0 1 1
0 1 1 0 0 0 1 1
1 0 1 1 0 1 1 1
1 1 0 1 0 1 1 1
0 0 1 1 0 1 1 1
0 1 1 1 0 0 0 1
1 0 1 1 0 0 1 1
1 1 1 1 1 0 1 1
0 1 0 0 0 0 0 1
1 1 0 0 0 0 1 1
1 1 1 0 1 0 1 1
0 1 1 1 0 0 1 1
1 1 1 1 1 1 1 1
0 1 0 1 0 1 1 1
0 1 0 1 0 1 1 1
0 0 0 1 0 0 1 1
0 0 1 1 1 0 1 1
0 1 1 1 0 0 0 1
0 0 0 1 1 0 0 0
0 1 1 1 0 1 1 1
1 1 1 1 0 1 1 1
0 1 1 1 0 0 0 1
0 1 0 1 0 1 1 1
0 1 1 1 0 0 0 1
1 1 1 1 0 1 1 1
1 1 1 1 0 0 1 1
1 0 0 1 1 1 1 0
1 1 1 1 0 1 0 1
0 1 1 1 1 0 1 1
0 1 1 1 0 0 0 1
0 0 0 1 1 0 0 1
0 1 0 0 1 0 0 0
0 1 1 1 0 1 1 1
0 1 1 1 0 1 1 1
1 1 0 1 0 1 1 1
0 0 1 1 1 1 1 0
0 0 1 1 1 0 1 1
1 1 1 0 0 0 1 1
1 1 1 1 0 1 1 1
0 0 0 0 1 0 1 0
1 1 0 1 0 0 1 1
1 1 1 1 0 0 0 1
0 1 1 0 0 0 1 1
1 1 0 1 0 0 1 1
0 1 1 1 0 1 1 1
0 1 1 1 0 0 0 1
0 0 1 0 0 0 1 1
1 1 1 0 0 0 1 1
0 1 1 1 0 0 1 1
0 1 1 1 1 1 1 1
0 0 1 1 0 0 1 1
0 0 0 1 1 1 1 0
0 0 1 1 1 0 1 0
0 0 0 0 1 0 1 0
1 1 0 1 0 0 0 1
1 1 1 1 0 1 1 1
0 1 1 0 0 0 1 1
1 1 0 1 0 0 1 1
1 1 1 1 0 1 1 1
1 1 0 1 0 1 1 0
1 1 1 1 1 1 1 1
1 1 1 0 0 0 1 1
0 0 1 0 0 0 0 1
0 1 1 0 1 0 1 1
1 1 0 1 0 0 1 1
1 1 1 1 0 1 1 1
0 0 0 1 1 1 1 0
1 0 1 1 0 1 0 1
0 1 1 0 0 0 1 1
1 1 1 1 0 0 1 1
0 1 1 1 1 1 1 1
0 1 1 1 1 1 1 1
1 1 1 1 0 0 1 1
0 1 1 1 0 0 1 1
1 0 0 1 1 1 0 1
1 0 0 1 1 1 1 0
0 1 1 1 0 0 1 1
1 1 0 1 0 0 1 1
0 0 1 1 0 1 1 1
0 1 1 0 0 0 1 1
1 1 1 1 0 0 1 1
1 0 1 1 0 1 1 1
0 0 1 1 1 0 1 0
0 1 1 1 1 1 1 1
1 1 1 1 1 1 0 1
1 1 0 0 0 0 1 1
0 1 0 1 0 1 0 1
1 1 1 0 0 0 0 1
0 1 0 1 0 0 0 1
1 1 1 1 1 0 1 1
0 1 0 1 0 0 1 1
1 1 0 1 0 1 1 1
1 0 0 1 0 1 0 1
1 1 1 0 0 0 1 1
0 1 1 1 0 1 1 1
1 1 1 0 1 0 1 1
0 1 1 1 1 0 1 1
0 0 0 1 1 1 1 0
1 1 1 1 0 1 1 1
0 1 1 1 1 1 1 1
0 0 1 0 0 0 0 0
1 1 1 1 0 1 0 1
1 1 0 1 0 1 1 1
1 1 1 1 0 1 1 1
1 1 1 1 0 1 1 1
1 1 0 1 0 1 1 1
1 1 1 0 0 0 1 1
0 1 0 0 1 0 1 0
0 0 0 0 1 0 0 0
1 1 0 1 0 0 0 1
1 1 0 1 0 0 1 1
1 1 1 0 0 0 1 1
0 1 1 0 0 0 1 1
1 1 0 1 0 1 0 1
1 1 0 1 0 1 1 1
1 1 1 1 0 0 1 1
0 1 0 1 1 1 0 0
0 1 1 1 0 0 1 1
0 1 1 1 0 0 1 1
0 1 1 1 0 1 1 1
1 1 0 1 0 1 0 1
1 1 1 0 1 0 1 1
0 1 1 1 0 0 0 1
0 0 1 1 1 1 1 0
0 1 1 1 0 0 1 1
0 1 1 1 0 1 1 1
0 1 0 1 1 1 1 1
0 1 1 1 0 0 1 1
0 0 0 1 1 1 0 0
0 1 0 1 0 0 0 1
1 1 1 1 0 1 1 1
0 1 1 1 0 0 1 1
0 0 0 1 0 1 1 0
0 1 1 1 0 1 1 1
1 0 0 1 1 1 0 0
0 0 1 1 0 1 0 1
1 1 1 1 0 0 1 1
0 1 1 0 0 0 1 1
0 1 1 1 1 1 1 1
1 1 1 1 0 1 1 1
0 1 0 0 0 0 1 1
1 1 1 0 0 0 0 1
0 1 1 0 0 0 0 1
1 1 1 1 0 1 1 1
1 0 1 1 1 1 1 1
1 1 1 1 0 0 1 1
1 1 1 0 1 0 1 0
1 1 0 0 1 0 1 1
1 1 1 0 0 0 1 1
1 1 0 0 0 1 1 1
1 0 0 1 0 1 0 1
0 1 1 1 0 0 1 1
0 1 1 0 0 0 1 1
0 1 1 1 0 0 1 1
0 1 1 1 0 0 0 1
1 1 1 1 0 1 1 1
1 0 0 1 1 1 1 0
0 0 1 1 0 1 1 1
0 1 0 1 0 0 1 1
1 1 0 0 1 0 0 1
0 0 1 1 0 1 0 1
0 1 0 1 1 1 1 1
1 0 0 0 0 1 1 0
1 1 1 0 0 1 1 1
0 1 0 1 0 1 1 1
1 1 1 1 0 0 1 1
1 0 0 1 0 1 1 1
0 1 0 0 0 0 0 1
1 1 1 0 1 1 1 1
0 1 1 1 1 0 1 1
1 1 1 1 0 0 1 1
1 1 0 1 0 1 0 1
0 0 0 1 0 0 1 1
1 0 0 1 1 0 1 0
1 1 0 1 0 1 1 1
0 0 0 1 1 0 1 0
0 1 1 1 1 0 1 1
1 1 0 0 0 0 0 1
1 1 0 0 0 0 0 1
0 1 0 1 1 0 1 0
0 1 1 1 0 1 1 1
0 1 0 1 1 1 1 1
0 0 1 1 1 0 1 1
0 1 1 0 0 0 1 1
0 1 1 1 0 0 1 1
0 1 1 1 0 1 1 1
1 1 0 1 1 1 1 1
0 1 1 0 1 0 1 1
1 0 1 1 0 1 1 1
0 1 0 1 1 0 1 1
0 0 1 0 0 0 1 1
0 1 0 1 0 0 1 1
0 0 0 1 1 0 0 0
1 1 1 1 0 1 1 1
0 0 1 0 0 0 1 1
0 0 1 1 0 1 1 1
0 1 0 1 0 0 1 1
0 1 1 1 0 0 1 1
0 1 1 1 1 0 1 1